100
1 6
1 11
1 16
1 20
1 23
1 28
1 39
1 44
1 47
1 50
1 52
1 53
1 54
1 60
1 61
1 63
1 64
1 70
1 75
1 78
1 79
1 83
1 84
1 88
1 92
2 10
2 12
2 26
2 31
2 33
2 34
2 36
2 37
2 39
2 41
2 45
2 48
2 51
2 52
2 53
2 54
2 56
2 58
2 61
2 68
2 73
2 74
2 75
2 77
2 85
2 86
2 88
2 92
2 94
2 100
3 12
3 15
3 19
3 27
3 39
3 45
3 47
3 59
3 63
3 65
3 66
3 74
3 82
3 85
3 91
3 92
3 94
3 95
3 96
3 99
4 5
4 10
4 11
4 15
4 20
4 23
4 34
4 35
4 36
4 39
4 40
4 58
4 61
4 64
4 71
4 85
4 87
4 88
4 89
4 90
4 100
5 7
5 10
5 16
5 18
5 31
5 39
5 43
5 48
5 50
5 54
5 59
5 70
5 72
5 75
5 83
6 11
6 17
6 19
6 21
6 33
6 39
6 41
6 42
6 45
6 48
6 54
6 58
6 62
6 63
6 64
6 67
6 92
6 98
7 15
7 19
7 28
7 32
7 38
7 40
7 47
7 49
7 58
7 59
7 61
7 66
7 69
7 73
7 76
7 77
7 78
7 80
7 86
7 87
7 88
7 93
8 12
8 21
8 23
8 29
8 31
8 46
8 49
8 55
8 58
8 66
8 68
8 69
8 71
8 81
8 84
8 92
8 98
9 12
9 17
9 25
9 26
9 31
9 42
9 44
9 45
9 46
9 54
9 68
9 76
9 78
9 81
9 82
9 91
10 15
10 17
10 18
10 20
10 23
10 26
10 42
10 46
10 59
10 73
10 74
10 76
10 82
10 87
11 15
11 22
11 26
11 27
11 32
11 34
11 35
11 38
11 41
11 43
11 45
11 49
11 54
11 55
11 68
11 72
11 74
11 76
11 96
11 99
12 13
12 14
12 43
12 55
12 61
12 69
12 74
12 77
12 79
12 81
12 84
12 95
12 99
12 100
13 14
13 19
13 23
13 26
13 40
13 47
13 51
13 57
13 61
13 65
13 67
13 68
13 75
13 78
13 90
14 15
14 18
14 19
14 31
14 34
14 39
14 41
14 46
14 47
14 50
14 51
14 62
14 65
14 66
14 76
14 78
14 79
14 82
14 94
14 95
14 97
15 21
15 28
15 31
15 32
15 40
15 43
15 44
15 46
15 47
15 52
15 62
15 65
15 66
15 68
15 70
15 74
15 75
15 77
15 83
15 87
15 89
15 92
15 99
16 17
16 18
16 22
16 29
16 32
16 46
16 57
16 64
16 68
16 73
16 75
16 76
16 77
16 81
16 99
17 19
17 23
17 26
17 36
17 38
17 41
17 43
17 49
17 52
17 58
17 68
17 75
17 81
17 85
17 87
17 92
17 93
18 22
18 24
18 28
18 35
18 41
18 42
18 50
18 64
18 76
18 79
18 84
18 93
18 95
19 25
19 33
19 35
19 44
19 48
19 53
19 57
19 59
19 60
19 64
19 69
19 76
19 83
19 85
19 88
19 90
19 91
19 98
20 24
20 33
20 38
20 43
20 55
20 62
20 64
20 66
20 79
20 84
20 85
20 88
20 95
20 96
21 22
21 26
21 30
21 34
21 41
21 44
21 47
21 48
21 55
21 59
21 60
21 78
21 84
22 25
22 31
22 34
22 35
22 40
22 44
22 47
22 51
22 57
22 58
22 64
22 74
22 76
22 78
22 79
22 80
22 95
22 96
22 97
22 98
23 27
23 29
23 30
23 38
23 44
23 45
23 74
23 76
23 78
23 81
23 83
23 84
23 88
23 94
23 98
23 100
24 28
24 31
24 32
24 33
24 47
24 50
24 56
24 60
24 72
24 73
24 76
24 78
24 87
24 92
24 99
25 26
25 32
25 33
25 38
25 40
25 47
25 53
25 55
25 58
25 66
25 67
25 69
25 73
25 74
25 79
25 80
25 84
25 93
25 94
26 37
26 38
26 45
26 49
26 63
26 65
26 66
26 67
26 71
26 75
26 76
26 78
26 83
26 88
26 99
26 100
27 31
27 50
27 54
27 62
27 65
27 74
27 80
27 90
27 91
27 92
27 94
27 95
28 30
28 37
28 46
28 55
28 60
28 62
28 73
28 76
28 81
28 89
28 92
29 30
29 32
29 41
29 43
29 45
29 55
29 59
29 65
29 70
29 76
29 82
29 88
29 89
30 41
30 49
30 50
30 51
30 52
30 60
30 73
30 74
30 75
30 91
30 94
30 97
31 35
31 42
31 43
31 49
31 51
31 62
31 63
31 65
31 69
31 81
31 92
31 95
31 97
32 33
32 42
32 44
32 45
32 46
32 47
32 63
32 76
32 86
32 88
32 91
32 100
33 42
33 50
33 63
33 69
33 70
33 78
33 80
33 86
33 88
33 91
33 98
33 100
34 38
34 40
34 41
34 42
34 47
34 52
34 54
34 63
34 72
34 73
34 76
34 80
34 82
34 83
34 86
34 89
34 90
34 96
34 98
35 37
35 39
35 44
35 47
35 50
35 51
35 58
35 60
35 65
35 66
35 70
35 78
35 79
35 82
35 83
35 84
35 88
36 37
36 39
36 40
36 47
36 49
36 51
36 61
36 67
36 71
36 73
36 78
36 84
36 95
36 98
36 100
37 42
37 45
37 47
37 51
37 52
37 53
37 56
37 62
37 64
37 68
37 79
37 80
37 81
37 82
37 88
37 91
37 93
37 96
37 99
38 49
38 56
38 57
38 68
38 78
38 79
38 80
38 83
38 85
38 86
38 87
38 96
38 97
39 49
39 61
39 64
39 68
39 72
39 75
39 83
39 89
39 90
39 93
40 42
40 43
40 45
40 49
40 59
40 76
40 78
40 80
40 86
40 90
40 94
41 46
41 57
41 61
41 81
41 83
41 85
41 91
41 92
41 98
42 45
42 46
42 50
42 51
42 54
42 63
42 65
42 66
42 70
42 79
42 81
42 95
42 99
43 55
43 60
43 61
43 62
43 72
43 74
43 89
43 90
43 95
43 96
43 99
43 100
44 45
44 52
44 63
44 65
44 66
44 67
44 70
44 71
44 75
44 82
44 86
44 88
44 94
44 95
44 96
45 51
45 61
45 71
45 81
45 83
45 85
45 89
45 99
46 58
46 68
46 71
46 72
46 86
46 88
46 89
46 92
46 94
47 49
47 56
47 58
47 69
47 70
47 72
47 75
47 80
47 82
47 83
47 85
47 88
47 89
47 92
47 95
47 98
47 99
48 63
48 66
48 68
48 72
48 82
48 83
48 85
48 86
48 87
48 92
48 97
49 54
49 60
49 66
49 79
49 83
49 84
49 86
49 93
49 94
49 95
50 64
50 66
50 75
50 77
50 78
50 84
50 86
50 94
50 96
50 98
50 100
51 66
51 67
51 69
51 77
51 78
51 84
51 95
51 98
52 55
52 57
52 58
52 59
52 62
52 63
52 78
52 83
52 85
52 87
52 94
53 58
53 65
53 68
53 72
53 75
53 76
53 89
53 92
53 93
53 95
53 99
54 63
54 68
54 69
54 89
54 90
54 92
54 97
55 72
55 73
55 78
55 84
55 85
55 86
55 90
55 99
55 100
56 65
56 66
56 67
56 88
56 91
56 96
56 98
56 99
56 100
57 58
57 59
57 65
57 71
57 76
57 79
57 80
57 83
57 87
57 92
57 94
57 96
57 98
57 99
58 61
58 64
58 66
58 67
58 72
58 74
58 75
58 76
58 79
58 84
58 87
58 90
58 98
59 63
59 76
59 78
59 87
59 91
59 93
59 94
59 100
60 68
60 70
60 73
60 76
60 82
60 84
60 94
60 100
61 64
61 67
61 74
61 76
61 86
61 87
61 88
61 93
61 98
61 99
62 66
62 67
62 83
62 85
62 87
62 90
62 91
62 94
62 99
62 100
63 66
63 70
63 83
63 89
63 91
63 94
63 95
63 98
64 66
64 68
64 77
64 79
64 80
64 87
64 89
64 94
64 95
64 96
64 97
64 100
65 88
65 90
65 95
65 96
66 69
66 70
66 80
66 81
66 84
66 86
66 100
67 79
67 85
67 87
67 92
67 95
68 71
68 80
68 88
68 89
68 94
68 98
69 78
69 79
69 83
69 92
70 72
70 77
70 80
70 89
70 96
70 98
71 77
71 82
72 85
72 87
72 90
73 77
73 81
73 82
73 92
73 96
74 80
74 83
74 92
74 98
75 80
75 83
75 86
75 89
75 90
75 91
75 93
75 98
76 77
76 83
76 87
76 90
76 96
76 98
77 78
77 80
77 86
77 89
77 92
77 93
77 94
77 95
77 100
78 79
78 80
78 89
78 94
78 95
78 97
79 99
80 81
80 82
80 87
80 96
81 87
81 92
81 96
81 98
82 100
83 87
83 89
84 85
84 91
84 93
84 100
85 92
85 93
86 89
86 90
86 95
87 93
87 97
88 89
89 93
90 94
91 94
92 100
94 95
94 100
96 97
96 100
