100
1 51
1 16
1 6
1 62
1 37
1 74
1 41
1 33
1 97
1 20
1 80
1 9
1 45
1 96
1 11
1 27
1 19
1 77
1 48
1 31
1 43
1 66
1 3
1 53
2 45
2 67
2 53
2 91
2 62
2 94
2 81
2 54
2 47
2 79
2 25
2 80
2 76
2 55
2 63
2 24
2 58
2 23
2 16
2 37
2 29
2 74
2 89
2 43
2 49
2 40
2 65
2 9
2 66
2 90
2 85
2 92
3 9
3 38
3 27
3 25
3 49
3 56
3 77
3 80
3 57
3 44
3 78
3 85
3 53
3 26
3 87
3 63
3 92
3 74
3 33
3 75
3 65
3 69
3 94
3 79
3 71
3 7
3 23
4 25
4 65
4 35
4 33
4 52
4 77
4 56
4 24
4 32
4 21
4 97
4 28
4 22
4 10
4 40
4 51
4 85
4 61
4 79
4 90
4 89
5 3
5 92
5 74
5 23
5 20
5 72
5 9
5 35
5 52
5 33
5 81
5 96
5 77
5 71
5 87
5 21
5 69
5 67
5 93
5 42
5 8
5 1
5 34
6 79
6 69
6 86
6 55
6 35
6 21
6 37
6 93
6 67
6 8
6 12
6 52
6 99
6 97
6 62
6 14
6 29
6 11
6 33
6 1
7 94
7 14
7 2
7 70
7 62
7 27
7 96
7 32
7 13
7 34
7 22
7 37
7 95
7 84
7 79
7 87
7 9
7 57
7 30
7 89
7 42
7 77
7 35
7 49
7 56
7 75
8 27
8 44
8 45
8 75
8 92
8 80
8 76
8 63
8 13
8 49
8 40
8 73
8 78
8 9
8 81
8 38
8 85
8 11
8 47
8 62
8 18
8 74
8 95
8 66
8 48
8 87
8 19
8 54
9 1
9 78
9 94
9 87
9 13
9 37
9 92
9 25
9 65
9 36
9 88
9 58
9 42
9 19
9 11
9 16
9 39
9 84
9 23
9 27
9 10
9 71
9 31
9 46
10 29
10 92
10 85
10 74
10 40
10 64
10 6
10 94
10 21
10 72
10 14
10 79
10 28
10 50
10 56
10 44
10 46
10 58
10 17
10 2
10 93
10 81
10 76
10 11
11 45
11 91
11 83
11 67
11 75
11 74
11 60
11 25
11 86
11 19
11 8
11 61
11 27
11 96
11 57
11 37
11 33
11 18
11 92
11 32
11 70
11 42
11 62
11 34
11 88
11 51
11 97
11 78
11 50
12 89
12 65
12 77
12 97
12 59
12 39
12 21
12 26
12 58
12 74
12 49
12 38
12 79
12 3
12 82
12 27
12 24
12 46
12 15
12 14
12 88
12 29
12 9
12 11
12 52
13 98
13 10
13 100
13 68
13 93
13 42
13 87
13 35
13 52
13 15
13 36
13 29
13 23
13 5
13 66
13 67
13 19
13 33
13 95
13 72
13 75
13 83
13 11
13 80
13 77
13 55
13 78
13 46
14 44
14 90
14 41
14 35
14 82
14 81
14 95
14 43
14 45
14 30
14 24
14 75
14 50
14 83
14 89
14 99
14 49
14 80
14 100
14 6
14 53
14 18
14 91
14 7
14 68
14 29
14 25
15 72
15 74
15 17
15 71
15 52
15 99
15 98
15 21
15 38
15 61
15 43
15 10
15 9
15 87
15 84
15 65
15 90
15 49
15 91
15 83
15 56
15 16
15 85
15 27
15 12
15 75
16 29
16 96
16 7
16 98
16 51
16 85
16 21
16 84
16 15
16 24
16 58
16 71
16 92
16 4
16 67
16 19
16 45
16 78
16 93
16 40
16 89
16 36
16 60
16 43
17 79
17 15
17 91
17 9
17 73
17 70
17 43
17 7
17 18
17 39
17 22
17 10
17 95
17 29
17 99
17 40
17 89
17 62
17 47
17 68
17 98
17 63
17 2
17 8
18 29
18 69
18 58
18 84
18 25
18 98
18 68
18 11
18 4
18 96
18 75
18 71
18 48
18 46
18 51
18 88
19 2
19 31
19 27
19 35
19 58
19 64
19 98
19 70
19 65
19 22
19 16
19 15
19 20
19 71
19 89
19 56
19 83
19 91
19 100
19 59
19 54
19 77
19 90
19 45
19 4
19 61
19 66
19 44
20 84
20 44
20 76
20 6
20 48
20 83
20 53
20 46
20 92
20 52
20 74
20 9
20 29
20 45
20 37
20 1
20 98
20 89
20 54
20 28
20 73
20 69
20 95
21 11
21 5
21 55
21 19
21 53
21 40
21 33
21 59
21 57
21 27
21 14
21 62
21 32
21 10
21 87
21 22
21 60
21 44
21 98
21 94
22 72
22 75
22 39
22 45
22 14
22 82
22 21
22 46
22 41
22 77
22 30
22 20
22 55
22 48
22 37
22 53
22 52
22 16
22 97
22 12
22 25
23 87
23 14
23 48
23 78
23 7
23 90
23 32
23 3
23 13
23 94
23 10
23 68
23 39
23 34
23 19
23 47
23 76
23 35
24 4
24 65
24 37
24 92
24 57
24 35
24 66
24 95
24 83
24 82
24 30
24 27
24 85
24 50
24 76
24 96
24 18
24 98
24 41
24 79
24 70
24 52
24 46
24 11
24 80
24 32
24 90
25 81
25 27
25 73
25 11
25 59
25 7
25 72
25 51
25 70
25 30
25 15
25 2
25 38
25 84
25 12
25 94
25 60
25 3
25 18
25 77
25 20
25 95
25 14
25 66
25 80
25 100
25 33
25 36
25 21
25 4
25 47
26 53
26 87
26 99
26 80
26 2
26 48
26 33
26 74
26 18
26 11
26 69
26 100
26 75
26 81
26 16
26 77
26 45
26 31
26 96
26 56
26 4
26 3
26 46
26 57
26 72
27 74
27 83
27 71
27 61
27 8
27 99
27 49
27 75
27 92
27 39
27 29
27 72
27 76
27 90
27 24
27 85
27 46
27 91
27 79
27 20
27 11
27 57
27 3
27 23
27 97
27 34
27 95
27 68
27 31
27 37
27 13
27 32
27 89
27 45
27 14
28 60
28 37
28 3
28 11
28 24
28 80
28 85
28 65
28 93
28 15
28 86
28 33
28 47
28 34
28 36
28 50
28 94
28 41
28 68
28 48
28 66
28 64
29 84
29 15
29 24
29 95
29 72
29 13
29 58
29 1
29 55
29 43
29 30
29 17
29 70
29 75
29 19
29 61
29 42
29 60
29 33
29 93
29 86
29 65
29 92
29 21
29 8
29 74
30 5
30 35
30 7
30 42
30 100
30 59
30 76
30 32
30 71
30 63
30 74
30 81
30 49
30 22
30 53
30 14
30 45
30 97
30 47
30 88
30 57
30 25
30 17
30 95
31 59
31 7
31 35
31 53
31 98
31 90
31 67
31 45
31 55
31 85
31 17
31 88
31 56
31 13
31 52
31 93
31 3
31 92
31 9
31 11
31 21
31 74
32 3
32 39
32 51
32 1
32 41
32 19
32 29
32 61
32 76
32 68
32 37
32 4
32 79
32 49
32 40
32 93
32 71
32 56
32 47
32 98
32 64
32 54
33 67
33 94
33 40
33 76
33 43
33 59
33 12
33 87
33 89
33 61
33 78
33 14
33 34
33 97
33 3
33 83
33 51
33 6
33 77
33 60
33 15
33 45
33 9
33 88
33 66
33 20
33 24
33 38
33 44
33 32
33 95
33 69
33 30
33 18
33 35
34 70
34 81
34 29
34 49
34 3
34 6
34 64
34 15
34 94
34 60
34 98
34 48
34 26
34 43
34 13
34 88
34 97
34 63
34 82
34 80
34 30
34 1
34 9
34 76
34 10
34 61
34 66
34 2
34 57
34 32
35 96
35 60
35 24
35 18
35 33
35 10
35 70
35 15
35 14
35 91
35 85
35 83
35 45
35 48
35 32
35 8
35 43
35 66
35 89
35 100
35 94
35 1
35 34
35 77
35 82
35 97
35 53
36 87
36 72
36 86
36 40
36 56
36 93
36 81
36 28
36 71
36 45
36 22
36 34
36 33
36 31
36 11
36 6
36 95
36 63
36 5
36 67
36 76
36 16
36 88
36 44
36 37
36 9
37 68
37 38
37 65
37 23
37 86
37 64
37 32
37 63
37 10
37 45
37 7
37 52
37 46
37 36
37 99
37 16
37 20
37 69
37 19
37 93
37 3
37 2
37 47
38 56
38 47
38 14
38 37
38 100
38 25
38 11
38 76
38 3
38 88
38 8
38 51
38 41
38 71
38 85
38 61
38 77
38 86
38 5
38 4
38 1
38 48
39 97
39 83
39 64
39 1
39 46
39 21
39 18
39 57
39 43
39 16
39 4
39 53
39 15
39 93
39 7
39 99
39 95
39 80
39 33
40 67
40 100
40 50
40 58
40 75
40 66
40 6
40 91
40 20
40 61
40 17
40 62
40 63
40 81
40 76
40 11
40 99
40 35
40 43
40 79
40 56
40 45
40 95
40 53
40 4
41 21
41 23
41 62
41 70
41 26
41 88
41 18
41 67
41 9
41 83
41 90
41 75
41 92
41 31
41 33
41 73
41 47
41 77
41 84
41 81
41 55
42 48
42 75
42 95
42 97
42 88
42 74
42 30
42 91
42 77
42 41
42 39
42 24
42 54
42 57
42 6
42 70
42 56
42 99
42 43
42 9
42 34
42 85
42 72
42 18
42 68
42 23
42 35
42 29
43 42
43 66
43 27
43 5
43 2
43 67
43 17
43 49
43 18
43 15
43 20
43 40
43 32
43 26
43 38
43 88
43 77
43 56
43 6
43 48
43 25
43 50
43 74
44 39
44 46
44 87
44 100
44 58
44 69
44 91
44 53
44 62
44 84
44 6
44 20
44 68
44 11
44 23
44 27
44 85
44 40
44 43
44 64
44 26
44 94
45 90
45 28
45 16
45 13
45 32
45 80
45 72
45 73
45 67
45 87
45 51
45 69
45 84
45 24
45 62
45 96
45 41
45 89
46 81
46 90
46 75
46 98
46 74
46 21
46 50
46 71
46 85
46 97
46 52
46 34
46 2
46 83
46 29
46 17
46 59
46 45
46 58
46 9
46 66
46 5
46 86
47 40
47 66
47 60
47 97
47 8
47 52
47 89
47 15
47 82
47 86
47 75
47 29
47 11
47 87
47 5
47 98
47 53
47 71
47 50
47 25
48 7
48 34
48 81
48 100
48 10
48 15
48 35
48 75
48 58
48 3
48 52
48 27
48 4
48 14
48 71
48 82
48 69
48 97
48 11
48 22
48 64
48 76
49 97
49 31
49 62
49 34
49 90
49 24
49 8
49 40
49 75
49 99
49 82
49 26
49 77
49 84
49 66
49 27
49 9
49 17
49 69
49 94
49 67
50 15
50 33
50 55
50 87
50 49
50 92
50 83
50 43
50 65
50 61
50 91
50 19
50 20
50 70
50 76
50 35
50 68
50 18
50 56
50 45
50 90
50 99
51 83
51 99
51 43
51 4
51 72
51 20
51 71
51 47
51 41
51 70
51 5
51 39
51 26
51 58
51 37
51 98
51 87
51 56
51 8
51 24
51 45
51 15
51 28
51 91
51 92
51 66
51 60
51 12
52 56
52 77
52 99
52 62
52 29
52 6
52 4
52 80
52 19
52 58
52 48
52 41
52 1
52 57
52 12
52 28
52 3
52 24
52 61
52 73
52 84
52 7
52 8
52 96
52 76
52 49
53 42
53 87
53 92
53 36
53 48
53 66
53 88
53 80
53 75
53 28
53 13
53 59
53 56
53 39
53 58
53 95
53 99
53 72
53 6
53 22
53 77
53 25
53 63
53 2
54 65
54 50
54 84
54 70
54 90
54 72
54 12
54 28
54 56
54 62
54 48
54 32
54 97
54 5
54 67
54 19
54 31
54 59
54 23
54 71
54 27
54 45
54 44
54 55
54 87
54 69
55 22
55 88
55 72
55 9
55 24
55 63
55 32
55 66
55 44
55 50
55 10
55 40
55 57
55 35
55 64
55 13
55 73
55 94
55 56
55 82
55 92
55 79
55 17
56 39
56 57
56 94
56 47
56 91
56 35
56 97
56 80
56 48
56 83
56 76
56 33
56 63
56 49
56 58
56 29
56 62
56 43
56 8
56 85
56 41
56 51
56 77
56 23
57 75
57 42
57 41
57 16
57 78
57 53
57 44
57 99
57 29
57 100
57 69
57 86
57 35
57 89
57 13
57 67
57 76
57 46
57 88
57 2
57 15
57 21
57 4
57 27
57 64
57 30
57 71
57 66
57 77
57 40
57 79
57 92
57 62
57 83
58 57
58 13
58 78
58 69
58 5
58 47
58 17
58 94
58 2
58 63
58 53
58 56
58 7
58 27
58 77
58 39
58 89
58 42
58 55
58 90
58 48
58 34
59 75
59 12
59 60
59 31
59 51
59 28
59 63
59 77
59 46
59 81
59 61
59 24
59 66
59 86
59 17
59 92
59 95
59 88
59 68
59 27
59 25
59 16
59 36
59 56
59 22
59 15
59 23
59 41
59 5
59 49
59 73
59 72
60 91
60 58
60 6
60 33
60 48
60 24
60 95
60 63
60 17
60 2
60 89
60 15
60 83
60 10
60 64
60 99
60 55
60 53
60 80
60 84
60 37
61 1
61 67
61 76
61 11
61 28
61 62
61 85
61 98
61 87
61 73
61 60
61 6
61 34
61 9
61 69
61 42
61 63
61 52
61 86
61 82
61 74
61 91
61 32
61 90
61 78
62 69
62 81
62 95
62 10
62 96
62 7
62 42
62 91
62 8
62 30
62 79
62 31
62 72
62 28
62 3
62 97
62 44
62 27
62 61
62 33
62 13
62 16
62 50
62 32
62 1
62 88
62 56
63 44
63 82
63 99
63 69
63 89
63 35
63 30
63 75
63 37
63 10
63 84
63 13
63 94
63 92
63 49
63 20
63 33
63 62
63 28
64 56
64 60
64 78
64 62
64 29
64 87
64 25
64 47
64 38
64 8
64 82
64 15
64 81
64 16
64 66
64 9
64 17
64 68
64 28
64 33
64 34
64 49
64 65
64 95
64 46
64 57
64 7
64 52
65 71
65 36
65 63
65 52
65 93
65 48
65 76
65 41
65 81
65 5
65 32
65 62
65 13
65 47
65 39
65 80
65 51
65 88
65 3
65 30
65 60
65 42
65 92
65 35
65 53
65 99
66 6
66 18
66 40
66 48
66 86
66 3
66 11
66 27
66 94
66 61
66 7
66 35
66 44
66 36
66 47
66 59
66 84
66 99
66 13
66 98
66 96
66 38
66 92
66 60
66 32
66 51
66 8
66 10
66 23
67 80
67 69
67 62
67 64
67 83
67 20
67 81
67 68
67 49
67 84
67 24
67 19
67 23
67 41
67 89
67 95
67 5
67 65
67 100
67 79
67 57
67 26
67 56
67 34
67 88
67 36
67 86
67 52
67 51
67 66
67 59
67 30
68 56
68 37
68 35
68 74
68 45
68 31
68 49
68 33
68 36
68 79
68 27
68 67
68 98
68 43
68 87
68 96
68 23
68 86
68 94
68 83
68 28
68 77
68 1
68 61
68 17
68 89
69 9
69 49
69 76
69 57
69 28
69 89
69 93
69 72
69 70
69 81
69 78
69 74
69 88
69 54
69 43
69 30
69 65
69 55
69 87
69 17
69 15
69 34
69 100
69 47
69 31
69 32
70 100
70 83
70 14
70 69
70 17
70 20
70 40
70 90
70 32
70 51
70 95
70 6
70 49
70 72
70 66
70 74
70 86
70 79
70 85
70 21
70 7
71 60
71 43
71 74
71 49
71 84
71 66
71 5
71 14
71 12
71 37
71 39
71 25
71 67
71 46
71 54
71 35
71 20
71 42
71 81
71 7
71 88
71 38
71 51
72 61
72 64
72 51
72 36
72 65
72 16
72 7
72 97
72 19
72 5
72 88
72 8
72 69
72 11
72 39
72 48
72 58
72 2
73 97
73 27
73 83
73 43
73 55
73 99
73 88
73 51
73 7
73 5
73 79
73 18
73 78
73 67
73 61
73 90
73 29
73 10
73 44
73 48
73 37
73 8
74 43
74 91
74 9
74 70
74 93
74 34
74 29
74 65
74 1
74 31
74 11
74 59
74 85
74 83
74 95
74 63
74 89
74 76
74 40
74 82
74 32
74 14
75 82
75 40
75 79
75 46
75 63
75 95
75 22
75 90
75 39
75 58
75 2
75 50
75 67
75 7
75 42
75 81
75 49
75 43
75 66
75 71
75 44
75 91
75 27
75 78
76 25
76 80
76 33
76 58
76 4
76 49
76 91
76 96
76 36
76 38
76 13
76 9
76 27
76 22
76 18
76 12
76 52
76 30
76 3
77 90
77 42
77 46
77 4
77 28
77 58
77 78
77 63
77 14
77 2
77 26
77 99
77 40
77 55
77 13
77 50
77 16
77 97
77 37
77 62
77 91
77 57
77 33
77 59
77 56
77 7
77 29
77 52
77 51
77 96
77 1
77 47
78 94
78 100
78 36
78 53
78 88
78 65
78 80
78 44
78 90
78 89
78 6
78 51
78 79
78 68
78 76
78 74
78 37
78 63
78 56
78 99
78 45
78 30
78 66
78 48
78 43
78 71
79 46
79 12
79 70
79 58
79 72
79 81
79 76
79 30
79 56
79 13
79 14
79 96
79 99
79 78
79 61
79 8
80 9
80 91
80 13
80 26
80 29
80 59
80 84
80 85
80 44
80 31
80 48
80 27
80 96
80 37
80 57
80 79
80 5
80 49
80 65
80 100
80 39
80 34
80 6
81 69
81 59
81 100
81 33
81 22
81 15
81 53
81 70
81 97
81 18
81 93
81 16
81 72
81 91
81 62
81 37
81 11
81 80
81 20
81 52
82 47
82 96
82 74
82 8
82 29
82 56
82 30
82 24
82 97
82 9
82 78
82 37
82 43
82 41
82 94
82 100
82 4
82 27
82 91
82 32
82 38
82 73
83 91
83 97
83 56
83 88
83 3
83 47
83 4
83 13
83 75
83 63
83 49
83 98
83 32
83 93
83 39
83 90
84 89
84 28
84 18
84 53
84 83
84 47
84 93
84 22
84 92
84 56
84 94
84 46
84 12
84 57
84 59
84 76
84 72
84 63
84 78
84 24
84 96
84 30
84 99
84 34
84 39
84 69
84 74
84 61
84 41
84 19
84 91
84 43
84 75
84 87
84 81
84 9
84 73
84 100
85 74
85 54
85 73
85 67
85 16
85 10
85 11
85 98
85 81
85 28
85 42
85 58
85 32
85 99
85 72
85 9
85 7
85 14
85 94
85 93
85 100
85 25
85 88
85 57
85 47
85 31
85 55
85 45
85 89
86 21
86 16
86 12
86 31
86 34
86 6
86 79
86 90
86 76
86 14
86 73
86 67
86 47
86 10
86 7
86 85
86 64
86 51
86 88
86 38
86 2
86 22
86 93
86 63
86 1
86 53
86 27
86 13
86 75
87 82
87 88
87 5
87 52
87 76
87 69
87 66
87 65
87 99
87 53
87 43
87 72
87 54
87 40
87 13
87 71
87 10
87 32
87 44
87 24
87 41
87 2
87 78
87 91
87 98
87 50
87 8
87 61
87 45
87 42
87 1
88 8
88 42
88 17
88 61
88 23
88 34
88 9
88 29
88 54
88 20
88 95
88 94
88 71
88 46
88 63
88 86
88 72
88 62
88 77
89 6
89 9
89 25
89 64
89 42
89 57
89 29
89 47
89 7
89 55
89 87
89 53
89 67
89 46
89 36
89 65
89 5
89 32
89 33
89 69
89 14
89 93
89 84
89 11
90 7
90 4
90 2
90 66
90 13
90 87
90 29
90 17
90 60
90 48
90 32
90 45
90 42
90 15
90 22
90 6
90 74
90 95
90 34
90 16
90 91
90 98
90 68
90 36
90 40
90 88
90 97
91 7
91 20
91 64
91 93
91 94
91 46
91 44
91 6
91 29
91 41
91 15
91 45
91 51
91 23
91 39
91 26
91 12
91 82
91 69
91 76
92 20
92 56
92 32
92 5
92 91
92 41
92 71
92 96
92 100
92 73
92 94
92 43
92 99
92 79
92 25
92 95
92 11
92 76
92 89
92 57
92 84
92 64
92 59
92 15
92 16
92 7
92 54
93 73
93 45
93 84
93 75
93 42
93 39
93 82
93 89
93 8
93 31
93 97
93 32
93 85
93 50
93 41
93 13
93 81
93 74
93 83
93 4
93 80
93 71
93 15
93 87
93 95
93 72
93 78
93 5
93 17
93 55
94 40
94 89
94 69
94 100
94 76
94 29
94 28
94 51
94 2
94 10
94 80
94 96
94 61
94 5
94 50
94 38
94 90
94 77
94 3
94 18
94 82
94 6
94 22
95 33
95 91
95 36
95 85
95 78
95 27
95 86
95 9
95 58
95 1
95 83
95 44
95 45
95 100
95 73
95 26
95 68
95 87
95 37
95 55
95 41
95 69
95 79
95 21
95 25
95 72
95 66
96 3
96 4
96 1
96 5
96 70
96 58
96 76
96 90
96 100
96 79
96 12
96 80
96 64
96 19
96 41
96 18
96 28
96 47
96 24
96 35
96 57
96 91
96 54
96 40
96 9
97 86
97 18
97 20
97 14
97 54
97 35
97 80
97 74
97 47
97 53
97 78
97 81
97 4
97 79
97 44
97 38
97 62
97 42
97 92
97 3
97 99
98 58
98 65
98 71
98 73
98 17
98 4
98 19
98 3
98 55
98 44
98 11
98 46
98 100
98 62
98 24
98 7
98 5
98 83
98 8
98 13
98 45
98 6
98 61
98 69
98 76
99 82
99 52
99 74
99 53
99 18
99 22
99 33
99 4
99 59
99 45
99 13
99 29
99 87
99 15
99 88
99 1
99 92
99 64
99 50
99 37
99 62
99 46
99 66
99 76
99 39
99 7
99 81
99 51
99 65
99 55
99 79
99 60
99 70
100 73
100 72
100 21
100 54
100 5
100 81
100 91
100 58
100 66
100 90
100 26
100 86
100 65
100 3
100 37
100 40
100 30
100 6
100 23
100 41
100 67
100 18
100 60
100 42
100 10
100 94
