200
1 82
1 189
1 181
1 138
1 139
1 30
1 101
1 10
1 174
1 52
1 116
1 37
1 38
1 152
1 112
1 127
1 167
1 132
1 97
1 4
1 188
1 140
1 134
1 117
1 182
1 176
1 150
1 85
1 18
1 143
1 93
1 200
1 45
1 77
1 141
1 54
1 168
1 119
1 49
1 35
2 162
2 73
2 97
2 100
2 35
2 51
2 164
2 6
2 90
2 143
2 37
2 177
2 43
2 85
2 74
2 182
2 172
2 126
2 163
2 183
2 173
2 14
2 13
2 99
2 116
2 29
2 134
2 105
2 132
2 44
2 89
2 136
2 50
2 109
2 196
2 93
2 107
2 133
2 77
2 63
2 10
2 4
2 82
2 98
2 84
2 160
2 53
2 192
2 8
2 199
3 13
3 113
3 70
3 47
3 176
3 135
3 149
3 69
3 171
3 194
3 189
3 81
3 193
3 181
3 175
3 17
3 179
3 88
3 18
3 159
3 188
3 166
3 104
3 103
3 132
3 100
3 142
3 11
3 187
3 54
3 164
3 119
3 72
3 19
3 94
3 145
3 77
3 156
3 14
3 55
3 7
3 172
3 105
3 157
3 120
3 60
3 59
4 14
4 105
4 115
4 108
4 168
4 110
4 82
4 159
4 146
4 188
4 20
4 90
4 98
4 112
4 143
4 68
4 38
4 162
4 184
4 24
4 121
4 72
4 69
4 178
4 102
4 85
4 45
4 94
4 183
4 1
4 176
4 46
4 132
4 103
4 139
4 62
4 173
4 155
4 192
4 157
4 101
4 8
4 65
4 40
4 95
5 193
5 17
5 24
5 117
5 33
5 20
5 36
5 149
5 103
5 12
5 179
5 125
5 163
5 45
5 14
5 31
5 178
5 148
5 158
5 136
5 87
5 19
5 22
5 76
5 32
5 84
5 165
5 26
5 170
5 68
5 153
5 132
5 75
5 184
5 192
5 142
5 9
5 151
5 113
5 91
5 78
5 30
5 196
5 175
5 135
6 118
6 177
6 23
6 65
6 31
6 126
6 32
6 42
6 20
6 198
6 72
6 48
6 97
6 98
6 22
6 132
6 195
6 151
6 139
6 53
6 24
6 88
6 84
6 173
6 90
6 147
6 154
6 170
6 111
6 142
6 193
6 14
6 58
6 29
6 166
6 114
6 178
6 83
6 93
6 168
6 63
6 137
6 12
6 163
6 34
6 135
6 18
7 42
7 43
7 183
7 109
7 138
7 187
7 170
7 81
7 111
7 193
7 101
7 119
7 181
7 151
7 85
7 186
7 91
7 56
7 168
7 123
7 192
7 144
7 17
7 20
7 72
7 163
7 121
7 68
7 18
7 124
7 143
7 140
7 127
7 50
7 165
7 65
7 118
7 99
7 100
8 85
8 50
8 151
8 133
8 177
8 29
8 73
8 95
8 69
8 17
8 134
8 43
8 124
8 53
8 99
8 112
8 86
8 122
8 75
8 41
8 129
8 199
8 61
8 154
8 89
8 145
8 156
8 27
8 197
8 184
8 101
8 173
8 31
8 14
8 150
8 142
8 136
8 39
8 105
8 62
8 103
8 22
8 127
8 128
8 158
8 49
8 21
8 147
8 1
8 193
8 167
8 163
8 164
8 146
8 135
8 183
8 120
8 155
8 102
8 152
8 18
8 28
8 161
8 169
9 7
9 89
9 163
9 42
9 63
9 76
9 146
9 4
9 121
9 167
9 86
9 44
9 170
9 64
9 150
9 191
9 192
9 62
9 136
9 27
9 131
9 151
9 186
9 197
9 190
9 158
9 37
9 179
9 181
9 165
9 60
9 78
9 70
9 141
9 120
9 102
9 12
9 176
9 115
9 41
9 57
9 100
9 52
9 126
9 111
9 55
9 119
9 155
9 174
9 137
9 83
9 194
9 87
9 26
9 99
9 20
10 52
10 107
10 116
10 70
10 25
10 21
10 181
10 186
10 194
10 123
10 16
10 95
10 33
10 155
10 80
10 192
10 79
10 161
10 180
10 113
10 167
10 112
10 182
10 200
10 157
10 120
10 191
10 152
10 125
10 32
10 89
10 173
10 128
10 139
10 56
10 1
10 20
10 106
10 189
10 75
10 165
10 164
10 66
10 129
10 174
10 31
10 64
10 124
10 9
10 197
10 108
10 49
10 151
10 114
10 17
11 18
11 187
11 197
11 117
11 35
11 142
11 172
11 175
11 104
11 62
11 183
11 127
11 148
11 113
11 41
11 174
11 47
11 131
11 38
11 96
11 177
11 126
11 71
11 94
11 37
11 145
11 132
11 12
11 190
11 149
11 150
11 19
11 88
11 9
11 93
11 80
11 153
11 82
11 2
11 36
11 128
11 163
11 92
11 194
11 112
11 5
11 133
11 79
11 89
11 182
11 55
12 87
12 148
12 128
12 158
12 123
12 78
12 173
12 153
12 110
12 135
12 25
12 95
12 168
12 26
12 136
12 47
12 142
12 141
12 179
12 189
12 62
12 115
12 177
12 131
12 45
12 127
12 139
12 73
12 169
12 29
12 58
12 93
12 200
12 72
12 54
12 81
12 48
12 145
12 125
12 196
12 147
12 37
12 146
12 137
12 156
12 41
12 31
12 8
12 11
13 17
13 8
13 150
13 105
13 109
13 177
13 31
13 37
13 86
13 133
13 5
13 200
13 57
13 170
13 121
13 91
13 155
13 59
13 135
13 145
13 111
13 151
13 112
13 51
13 52
13 175
13 30
13 56
13 87
13 84
13 1
13 63
13 3
14 68
14 141
14 99
14 173
14 17
14 74
14 64
14 54
14 155
14 75
14 148
14 167
14 109
14 26
14 123
14 23
14 40
14 136
14 62
14 176
14 25
14 159
14 161
14 59
14 145
14 111
14 129
14 124
14 101
14 149
14 37
14 56
14 108
14 27
14 150
14 94
14 100
14 69
14 66
14 63
14 156
14 119
14 41
14 102
14 86
14 72
14 133
14 104
14 1
14 121
14 143
14 42
14 153
14 160
14 139
14 186
14 103
14 2
15 174
15 131
15 149
15 144
15 99
15 100
15 78
15 108
15 190
15 20
15 76
15 60
15 13
15 58
15 93
15 29
15 67
15 137
15 158
15 155
15 136
15 69
15 162
15 92
15 127
15 168
15 4
15 30
15 176
15 68
15 65
15 107
15 170
15 175
15 46
15 63
15 110
15 167
15 97
15 40
15 188
15 80
15 177
15 96
15 7
15 123
15 109
15 101
15 172
15 179
15 54
15 50
15 45
15 135
15 83
15 193
15 44
15 166
16 168
16 188
16 136
16 95
16 157
16 47
16 56
16 36
16 20
16 23
16 79
16 43
16 86
16 191
16 37
16 132
16 147
16 169
16 7
16 199
16 32
16 164
16 74
16 103
16 83
16 131
16 41
16 123
16 135
16 158
16 89
16 75
16 96
16 153
16 134
16 154
16 151
16 146
16 177
16 122
16 12
16 82
16 163
16 172
16 60
16 125
16 90
16 165
16 24
16 51
16 27
16 189
16 61
16 107
16 84
16 108
16 34
16 15
16 104
16 35
16 94
16 143
16 52
17 167
17 61
17 39
17 99
17 97
17 11
17 121
17 178
17 199
17 22
17 6
17 189
17 86
17 69
17 162
17 146
17 16
17 63
17 142
17 131
17 57
17 177
17 50
17 112
17 128
17 88
17 24
17 166
17 141
17 172
17 129
17 55
17 59
17 119
17 154
17 53
17 9
17 139
17 26
17 35
17 138
17 132
17 27
17 5
17 2
17 83
17 168
17 74
17 126
17 133
17 140
17 187
17 157
17 147
18 120
18 131
18 68
18 61
18 172
18 188
18 44
18 20
18 163
18 85
18 139
18 154
18 30
18 198
18 183
18 101
18 65
18 35
18 80
18 10
18 110
18 194
18 146
18 165
18 9
18 70
18 189
18 169
18 24
18 155
18 126
18 130
18 79
18 50
18 27
18 62
18 182
18 193
18 7
18 40
18 178
18 164
18 16
18 132
18 56
18 11
18 26
18 129
18 109
18 87
18 59
18 58
19 54
19 195
19 171
19 189
19 179
19 38
19 53
19 78
19 52
19 112
19 16
19 80
19 37
19 113
19 101
19 188
19 13
19 167
19 89
19 48
19 133
19 180
19 30
19 28
19 176
19 153
19 145
19 34
19 69
19 27
19 32
19 137
19 140
19 164
19 2
19 162
19 7
19 102
19 111
19 11
19 105
19 183
19 9
19 39
19 1
20 182
20 43
20 90
20 200
20 46
20 83
20 194
20 70
20 5
20 119
20 8
20 117
20 92
20 58
20 33
20 192
20 35
20 88
20 18
20 156
20 72
20 10
20 145
20 79
20 41
20 78
20 16
20 162
20 179
20 136
20 101
20 174
20 168
20 84
20 175
20 75
20 97
20 158
20 167
20 29
20 183
20 170
20 28
20 190
20 82
20 52
20 81
20 188
20 115
20 86
20 14
20 135
21 141
21 14
21 151
21 113
21 183
21 111
21 59
21 13
21 47
21 132
21 58
21 191
21 9
21 33
21 90
21 93
21 94
21 115
21 97
21 7
21 186
21 10
21 128
21 126
21 67
21 39
21 35
21 16
21 98
21 173
21 127
21 68
21 181
21 148
21 192
21 161
21 38
21 17
21 170
21 149
21 99
21 195
21 176
21 75
21 139
21 157
21 5
21 84
21 120
22 137
22 33
22 153
22 164
22 148
22 145
22 60
22 184
22 1
22 36
22 12
22 128
22 199
22 127
22 180
22 62
22 136
22 101
22 168
22 20
22 37
22 103
22 200
22 165
22 34
22 55
22 167
22 123
22 111
22 131
22 28
22 30
22 186
22 152
22 54
22 188
22 29
23 131
23 147
23 200
23 127
23 140
23 47
23 169
23 5
23 59
23 179
23 105
23 62
23 95
23 150
23 50
23 124
23 178
23 112
23 159
23 143
23 66
23 183
23 98
23 9
23 195
23 86
23 134
23 81
23 52
23 6
23 154
23 69
23 61
23 75
23 64
23 25
23 139
23 123
23 3
23 145
23 11
23 163
23 196
23 177
23 109
23 172
23 160
23 26
23 22
24 144
24 98
24 8
24 103
24 33
24 120
24 64
24 113
24 112
24 137
24 69
24 70
24 87
24 79
24 31
24 147
24 126
24 60
24 135
24 63
24 39
24 166
24 124
24 97
24 149
24 198
24 104
24 199
24 41
24 160
24 10
24 62
24 168
24 161
24 159
24 2
24 56
24 191
24 157
24 184
24 158
24 153
24 118
24 182
24 163
24 77
24 190
24 82
24 121
24 148
24 122
24 32
25 9
25 58
25 93
25 106
25 165
25 13
25 121
25 24
25 75
25 153
25 84
25 141
25 155
25 64
25 10
25 15
25 191
25 69
25 126
25 94
25 137
25 160
25 119
25 7
25 180
25 167
25 176
25 56
25 187
25 116
25 17
25 46
25 63
25 170
25 162
25 142
25 74
25 2
25 149
25 125
25 148
25 30
25 136
25 168
25 112
25 27
25 128
25 77
25 3
25 152
25 100
25 57
26 62
26 158
26 175
26 53
26 97
26 63
26 45
26 129
26 171
26 25
26 32
26 190
26 163
26 160
26 189
26 146
26 178
26 51
26 4
26 101
26 14
26 107
26 36
26 105
26 200
26 73
26 120
26 196
26 92
26 121
26 179
26 102
26 69
26 195
26 23
26 12
26 157
26 6
26 93
26 19
26 103
26 192
26 143
26 75
26 74
26 110
26 168
26 11
26 1
27 179
27 48
27 29
27 40
27 47
27 152
27 18
27 146
27 8
27 163
27 198
27 104
27 199
27 59
27 90
27 137
27 39
27 170
27 35
27 4
27 77
27 5
27 75
27 140
27 83
27 106
27 200
27 159
27 181
27 154
27 74
27 136
27 114
27 147
27 122
27 51
27 193
27 96
27 197
27 191
27 6
27 36
27 73
27 70
27 24
27 188
27 139
27 99
27 88
28 105
28 137
28 101
28 174
28 136
28 162
28 71
28 185
28 73
28 189
28 70
28 181
28 97
28 140
28 5
28 148
28 168
28 182
28 40
28 76
28 150
28 93
28 49
28 57
28 173
28 95
28 132
28 170
28 98
28 89
28 165
28 117
28 109
28 92
28 126
28 195
28 58
28 55
28 128
28 183
28 169
28 176
28 68
28 94
28 187
28 175
28 32
28 86
28 44
28 81
28 196
28 135
28 96
28 102
28 124
28 156
28 67
28 59
29 86
29 2
29 195
29 153
29 130
29 135
29 183
29 170
29 85
29 54
29 179
29 122
29 115
29 104
29 34
29 47
29 61
29 166
29 189
29 113
29 155
29 45
29 123
29 150
29 73
29 157
29 197
29 80
29 177
29 116
29 53
29 107
29 68
29 169
29 49
29 180
29 127
29 141
29 146
29 134
29 194
29 126
29 9
29 44
29 154
29 196
29 163
30 141
30 188
30 139
30 52
30 115
30 86
30 82
30 57
30 63
30 32
30 26
30 55
30 133
30 85
30 144
30 50
30 125
30 184
30 104
30 46
30 94
30 199
30 66
30 152
30 14
30 17
30 84
30 49
30 179
30 8
30 33
30 24
30 163
30 83
30 167
30 70
30 174
30 109
30 80
30 173
30 155
31 7
31 45
31 125
31 142
31 46
31 155
31 158
31 194
31 179
31 96
31 136
31 14
31 29
31 80
31 15
31 196
31 111
31 114
31 109
31 52
31 193
31 157
31 144
31 106
31 101
31 173
31 10
31 49
31 11
31 61
31 34
31 174
31 4
31 108
31 128
31 178
31 117
31 42
31 39
31 191
31 127
31 87
31 36
31 153
32 35
32 99
32 31
32 93
32 61
32 67
32 10
32 192
32 18
32 9
32 131
32 54
32 130
32 33
32 3
32 87
32 175
32 1
32 29
32 66
32 46
32 60
32 94
32 92
32 115
32 62
32 136
32 24
32 119
32 173
32 156
32 153
32 83
32 80
32 27
32 88
32 110
32 52
32 65
32 120
32 86
32 75
32 154
32 97
32 22
32 196
32 166
32 13
32 195
32 161
32 112
32 108
32 48
32 25
33 108
33 116
33 16
33 64
33 159
33 59
33 132
33 139
33 124
33 155
33 127
33 172
33 176
33 129
33 43
33 186
33 151
33 157
33 92
33 146
33 104
33 178
33 4
33 91
33 190
33 39
33 179
33 78
33 40
33 98
33 154
33 68
33 37
33 93
33 26
33 195
33 54
33 101
33 198
34 41
34 99
34 97
34 166
34 125
34 128
34 10
34 127
34 32
34 47
34 90
34 20
34 146
34 111
34 157
34 15
34 152
34 143
34 54
34 50
34 102
34 149
34 71
34 133
34 110
34 164
34 192
34 72
34 142
34 114
34 33
34 123
34 17
34 14
34 181
34 95
34 91
34 103
34 175
34 35
34 129
34 124
34 4
34 151
35 13
35 131
35 143
35 147
35 26
35 84
35 129
35 56
35 90
35 67
35 77
35 164
35 8
35 102
35 191
35 173
35 151
35 23
35 49
35 31
35 58
35 133
35 30
35 44
35 28
35 195
35 120
35 18
35 162
35 142
35 7
35 196
35 33
35 159
35 40
35 83
35 189
35 148
35 11
35 112
35 43
35 78
35 174
35 54
35 130
35 165
35 197
35 6
35 64
35 55
35 111
35 193
35 16
35 179
35 72
35 177
36 37
36 194
36 18
36 28
36 159
36 132
36 11
36 148
36 153
36 92
36 185
36 111
36 64
36 113
36 30
36 186
36 182
36 191
36 188
36 10
36 3
36 16
36 72
36 59
36 152
36 31
36 9
36 166
36 8
36 60
36 35
36 14
36 103
36 135
36 176
36 71
36 127
36 122
36 181
36 193
36 32
36 86
36 151
36 79
36 34
36 171
36 177
37 26
37 144
37 99
37 100
37 134
37 146
37 96
37 97
37 200
37 4
37 33
37 161
37 87
37 105
37 183
37 31
37 75
37 194
37 160
37 117
37 77
37 126
37 167
37 80
37 2
37 81
37 18
37 115
37 118
37 123
37 41
37 9
37 11
37 68
37 93
37 64
37 79
37 190
37 170
37 39
37 3
37 104
37 153
37 103
37 165
37 172
37 22
37 140
37 125
37 112
37 67
37 55
37 174
37 71
37 141
37 188
37 171
38 27
38 153
38 93
38 61
38 10
38 23
38 46
38 114
38 89
38 97
38 104
38 42
38 59
38 37
38 55
38 188
38 50
38 191
38 100
38 182
38 73
38 160
38 1
38 80
38 87
38 56
38 4
38 29
38 86
38 131
38 139
38 22
38 57
38 177
38 40
38 117
38 85
38 187
38 83
38 181
38 11
38 72
38 163
38 140
38 44
38 105
38 173
38 26
38 179
38 183
38 58
38 28
38 79
38 96
38 124
38 198
39 189
39 81
39 99
39 149
39 62
39 188
39 61
39 134
39 87
39 94
39 152
39 172
39 127
39 142
39 32
39 73
39 97
39 55
39 88
39 155
39 8
39 27
39 130
39 183
39 148
39 13
39 195
39 103
39 105
39 125
39 53
39 150
39 106
39 36
39 24
39 43
39 51
39 122
39 30
39 77
39 17
39 102
40 186
40 108
40 85
40 110
40 45
40 54
40 130
40 160
40 7
40 36
40 97
40 46
40 138
40 70
40 111
40 33
40 81
40 164
40 119
40 15
40 129
40 131
40 35
40 103
40 151
40 122
40 38
40 147
40 167
40 2
40 27
40 171
40 69
40 80
40 128
40 8
40 76
40 172
40 127
40 24
40 67
40 3
40 44
40 17
40 19
40 16
40 29
40 156
40 5
40 188
40 98
40 177
41 111
41 92
41 142
41 178
41 28
41 144
41 90
41 32
41 145
41 62
41 132
41 190
41 122
41 124
41 31
41 33
41 180
41 98
41 153
41 123
41 164
41 157
41 167
41 177
41 36
41 107
41 18
41 30
41 103
41 77
41 113
41 152
41 10
41 24
41 72
41 133
41 101
41 1
41 135
41 81
41 39
41 53
41 172
41 188
41 154
41 75
41 170
41 126
41 40
41 15
41 25
41 183
41 186
41 140
42 130
42 61
42 1
42 12
42 73
42 168
42 151
42 80
42 138
42 162
42 92
42 85
42 184
42 115
42 20
42 71
42 104
42 4
42 157
42 75
42 179
42 51
42 45
42 146
42 83
42 30
42 116
42 88
42 58
43 101
43 37
43 71
43 62
43 197
43 80
43 81
43 39
43 172
43 151
43 18
43 72
43 36
43 49
43 135
43 180
43 181
43 42
43 82
43 144
43 166
43 105
43 107
43 16
43 65
43 188
43 89
43 29
43 195
43 15
43 149
43 150
43 24
43 106
43 155
43 176
43 96
43 56
43 85
43 98
43 58
43 119
43 200
43 164
43 124
43 134
43 143
43 100
43 94
43 185
43 40
43 145
43 57
43 59
44 64
44 50
44 73
44 20
44 146
44 26
44 118
44 53
44 10
44 69
44 162
44 127
44 178
44 59
44 108
44 157
44 61
44 161
44 158
44 183
44 7
44 89
44 60
44 30
44 166
44 164
44 151
44 92
44 96
44 94
44 144
44 78
44 3
44 17
44 102
44 165
44 187
44 180
44 56
44 128
44 5
44 9
44 185
44 155
44 181
44 123
44 67
44 70
44 195
44 193
45 142
45 126
45 138
45 78
45 62
45 67
45 112
45 139
45 58
45 94
45 13
45 75
45 115
45 148
45 121
45 132
45 79
45 12
45 173
45 192
45 43
45 99
45 129
45 64
45 33
45 51
45 5
45 111
45 134
45 29
45 163
45 36
45 54
45 145
45 189
45 55
45 85
45 171
45 130
45 178
45 24
45 76
45 44
46 188
46 123
46 199
46 130
46 171
46 54
46 190
46 53
46 194
46 70
46 167
46 179
46 108
46 151
46 184
46 55
46 12
46 25
46 72
46 101
46 36
46 69
46 44
46 163
46 99
46 132
46 49
46 144
46 135
46 164
46 155
46 153
46 88
46 100
46 65
46 156
46 47
46 168
46 170
47 48
47 131
47 74
47 32
47 156
47 10
47 152
47 189
47 200
47 1
47 119
47 86
47 87
47 83
47 124
47 26
47 66
47 167
47 182
47 132
47 62
47 96
47 55
47 53
47 109
47 77
47 52
47 24
47 141
47 117
47 198
47 67
47 171
47 71
47 168
47 136
47 134
47 46
47 58
47 13
47 139
47 105
47 143
47 154
48 134
48 67
48 99
48 186
48 93
48 5
48 165
48 90
48 96
48 75
48 63
48 66
48 77
48 80
48 50
48 36
48 110
48 172
48 7
48 33
48 188
48 97
48 160
48 135
48 119
48 114
48 121
48 141
48 168
48 31
48 92
48 140
48 197
48 143
48 199
48 41
48 174
48 43
48 86
48 132
48 196
48 198
48 38
48 125
48 98
48 184
48 101
48 128
48 130
48 146
48 118
49 79
49 117
49 119
49 197
49 10
49 138
49 97
49 53
49 18
49 178
49 190
49 73
49 59
49 17
49 75
49 43
49 108
49 44
49 51
49 161
49 9
49 104
49 188
49 69
49 61
49 11
49 109
49 28
49 76
49 30
49 148
49 154
49 24
49 99
49 143
49 128
49 12
49 3
49 141
49 163
49 67
49 159
49 194
49 132
49 184
49 139
49 64
49 91
49 114
49 187
49 86
49 158
49 200
50 35
50 56
50 189
50 93
50 108
50 63
50 157
50 180
50 196
50 160
50 60
50 195
50 16
50 25
50 183
50 173
50 117
50 194
50 20
50 43
50 125
50 66
50 71
50 11
50 174
50 49
50 184
50 6
50 98
50 131
50 10
50 163
50 146
50 168
50 193
50 119
50 3
50 103
50 54
50 175
50 37
50 155
50 161
50 22
50 134
50 127
50 2
50 188
50 169
51 1
51 144
51 63
51 81
51 119
51 155
51 166
51 105
51 137
51 176
51 127
51 76
51 9
51 192
51 20
51 90
51 141
51 182
51 197
51 132
51 187
51 80
51 164
51 153
51 150
51 200
51 193
51 17
51 102
51 123
51 145
51 10
51 159
51 66
51 50
51 177
51 52
51 181
51 68
51 146
51 174
51 168
51 46
51 170
51 22
51 54
51 185
51 53
52 116
52 127
52 136
52 195
52 41
52 43
52 123
52 60
52 147
52 78
52 128
52 44
52 181
52 84
52 184
52 145
52 26
52 94
52 56
52 67
52 191
52 47
52 115
52 49
52 48
52 190
52 1
52 32
52 19
52 2
52 72
52 134
52 172
52 189
52 89
52 170
52 90
52 197
52 199
52 159
52 133
52 76
52 112
52 110
52 75
52 168
52 12
52 54
52 140
52 187
52 53
53 130
53 166
53 2
53 159
53 115
53 133
53 147
53 193
53 149
53 84
53 199
53 181
53 163
53 75
53 33
53 153
53 176
53 114
53 85
53 52
53 116
53 171
53 177
53 139
53 70
53 112
53 126
53 29
53 49
53 62
53 109
53 31
53 188
53 4
53 35
53 59
53 162
53 91
53 95
53 81
53 20
53 185
53 136
53 141
53 22
53 11
53 108
53 36
53 183
53 82
53 140
53 144
53 90
53 83
53 72
53 5
54 178
54 67
54 188
54 154
54 190
54 161
54 189
54 74
54 101
54 24
54 155
54 109
54 71
54 110
54 151
54 106
54 182
54 5
54 64
54 18
54 193
54 9
54 100
54 44
54 128
54 99
54 36
54 168
54 46
54 185
54 33
54 53
54 98
54 16
54 180
54 186
54 192
54 150
54 173
54 81
54 34
54 119
54 120
54 121
54 52
54 140
54 17
54 114
54 60
54 153
54 83
54 162
54 66
54 86
54 108
54 148
54 89
54 62
55 25
55 132
55 15
55 88
55 9
55 43
55 156
55 142
55 117
55 102
55 83
55 138
55 51
55 145
55 47
55 3
55 165
55 53
55 92
55 136
55 108
55 174
55 72
55 151
55 153
55 66
55 171
55 194
55 190
55 107
55 141
55 104
55 180
55 8
55 133
55 21
55 29
55 28
55 13
55 183
55 159
55 84
56 17
56 122
56 21
56 33
56 47
56 192
56 134
56 58
56 57
56 146
56 19
56 106
56 88
56 155
56 197
56 60
56 159
56 167
56 95
56 119
56 132
56 189
56 62
56 31
56 89
56 38
56 26
56 188
56 61
56 179
56 128
56 117
56 121
56 191
56 144
56 29
56 53
56 79
56 94
56 194
56 185
56 118
56 139
56 184
56 4
56 3
56 172
56 170
56 24
56 165
56 59
56 169
56 93
56 83
56 51
56 193
56 43
57 154
57 190
57 64
57 181
57 12
57 188
57 156
57 73
57 14
57 27
57 34
57 140
57 49
57 52
57 75
57 125
57 22
57 182
57 41
57 178
57 5
57 136
57 104
57 93
57 20
57 65
57 9
57 116
57 18
57 199
57 4
57 145
57 86
57 168
57 151
57 123
57 101
57 128
57 76
57 141
57 134
57 71
57 63
57 150
57 179
57 149
57 2
57 112
57 50
57 54
58 13
58 67
58 96
58 143
58 31
58 23
58 2
58 17
58 156
58 136
58 61
58 7
58 44
58 173
58 166
58 88
58 66
58 75
58 3
58 153
58 199
58 104
58 171
58 176
58 112
58 159
58 97
58 151
58 148
58 47
58 133
58 164
58 37
58 160
58 49
58 125
58 128
58 94
58 71
58 35
59 53
59 164
59 28
59 87
59 39
59 121
59 18
59 16
59 198
59 109
59 108
59 158
59 190
59 33
59 197
59 171
59 49
59 2
59 91
59 179
59 58
59 185
59 157
59 194
59 75
59 153
59 35
59 1
59 114
59 117
59 23
59 99
59 7
59 191
59 129
59 163
59 37
59 170
59 186
59 20
59 12
59 98
59 68
59 42
59 73
59 57
59 93
59 127
59 104
59 183
59 133
60 148
60 113
60 89
60 162
60 57
60 56
60 132
60 152
60 188
60 98
60 143
60 80
60 151
60 197
60 138
60 50
60 144
60 179
60 12
60 155
60 39
60 135
60 126
60 115
60 112
60 166
60 20
60 163
60 141
60 167
60 63
60 86
60 124
60 136
60 66
60 184
60 145
60 106
60 40
60 101
60 196
60 88
60 69
60 174
60 156
60 79
60 61
60 182
60 157
61 166
61 92
61 44
61 65
61 113
61 58
61 3
61 41
61 25
61 27
61 127
61 71
61 109
61 94
61 74
61 50
61 159
61 75
61 14
61 47
61 7
61 66
61 136
61 28
61 164
61 156
61 185
61 175
61 49
61 177
61 115
61 134
61 4
61 132
61 99
61 125
61 40
61 2
61 192
61 119
61 141
61 179
61 105
61 130
61 187
61 73
61 22
61 107
61 143
61 70
61 122
61 126
61 45
61 176
61 16
61 86
61 103
62 77
62 127
62 131
62 28
62 38
62 68
62 179
62 84
62 46
62 156
62 55
62 43
62 143
62 17
62 91
62 199
62 128
62 3
62 78
62 92
62 90
62 147
62 79
62 52
62 24
62 87
62 157
62 180
62 158
62 8
62 102
62 169
62 109
62 75
62 145
62 115
62 18
62 15
62 168
62 122
62 30
62 114
62 121
62 167
62 136
62 111
62 195
62 51
62 110
62 31
62 174
62 126
62 141
62 89
62 170
62 7
62 105
62 132
62 162
62 177
62 196
63 199
63 160
63 131
63 48
63 115
63 138
63 87
63 5
63 198
63 96
63 32
63 30
63 47
63 102
63 124
63 122
63 193
63 149
63 40
63 93
63 92
63 18
63 195
63 70
63 153
63 82
63 64
63 84
63 55
63 174
63 72
63 35
63 165
63 60
63 52
63 90
63 19
63 71
63 36
63 130
63 137
63 53
63 100
63 111
63 152
63 173
63 45
63 58
64 75
64 193
64 156
64 33
64 5
64 102
64 177
64 179
64 109
64 153
64 159
64 25
64 77
64 79
64 6
64 192
64 86
64 115
64 174
64 47
64 39
64 103
64 90
64 116
64 4
64 42
64 60
64 95
64 50
64 148
64 189
64 150
64 142
64 143
64 81
64 198
64 66
64 12
64 178
64 129
64 20
64 89
64 154
64 88
64 46
64 138
64 132
64 199
64 100
64 152
64 136
64 167
64 112
64 43
64 80
65 130
65 200
65 33
65 8
65 36
65 153
65 160
65 9
65 60
65 108
65 26
65 1
65 12
65 131
65 102
65 43
65 186
65 133
65 87
65 185
65 57
65 122
65 120
65 34
65 178
65 25
65 49
65 59
65 116
65 30
65 119
65 168
65 94
65 138
65 13
65 24
65 48
65 194
65 39
65 7
65 27
65 5
65 89
65 106
65 175
65 58
66 144
66 152
66 194
66 64
66 181
66 37
66 189
66 128
66 89
66 83
66 6
66 9
66 42
66 188
66 153
66 96
66 172
66 78
66 5
66 139
66 12
66 101
66 184
66 165
66 93
66 63
66 105
66 1
66 95
66 156
66 81
66 47
66 173
66 155
66 60
66 73
66 170
66 146
66 177
66 178
66 72
66 59
66 154
66 30
67 132
67 72
67 113
67 50
67 140
67 31
67 118
67 59
67 108
67 176
67 16
67 8
67 181
67 28
67 43
67 188
67 175
67 191
67 134
67 153
67 79
67 17
67 4
67 29
67 64
67 189
67 164
67 198
67 161
67 27
67 149
67 32
67 148
67 109
67 65
67 97
67 197
67 30
67 114
67 41
67 74
67 107
67 119
67 58
68 49
68 94
68 95
68 171
68 166
68 31
68 174
68 39
68 113
68 110
68 97
68 36
68 190
68 16
68 133
68 127
68 179
68 87
68 47
68 21
68 182
68 191
68 165
68 118
68 75
68 192
68 137
68 153
68 112
68 88
68 92
68 100
68 19
68 193
68 52
68 188
68 82
68 114
68 60
68 175
68 181
68 53
68 77
68 89
68 64
68 56
68 50
69 5
69 172
69 81
69 198
69 29
69 7
69 54
69 181
69 23
69 74
69 18
69 63
69 27
69 20
69 149
69 106
69 97
69 117
69 153
69 111
69 118
69 138
69 66
69 132
69 64
69 122
69 173
69 193
69 113
69 36
69 109
69 164
69 189
69 62
69 49
69 15
69 73
69 105
69 30
69 143
69 10
69 179
69 38
69 68
69 45
69 139
70 59
70 63
70 33
70 72
70 88
70 142
70 82
70 6
70 52
70 103
70 195
70 158
70 144
70 20
70 57
70 58
70 12
70 47
70 106
70 200
70 149
70 111
70 86
70 104
70 16
70 30
70 75
70 140
70 163
70 112
70 189
70 18
70 84
70 1
70 131
70 62
70 162
70 7
70 186
70 152
70 151
70 10
71 144
71 119
71 13
71 26
71 78
71 162
71 101
71 165
71 18
71 1
71 168
71 151
71 154
71 111
71 89
71 122
71 50
71 42
71 113
71 22
71 140
71 142
71 141
71 167
71 23
71 190
71 153
71 177
71 99
71 172
71 161
71 174
71 118
71 164
71 16
71 49
71 115
71 55
71 150
71 34
71 53
71 51
71 12
71 98
72 182
72 143
72 22
72 197
72 178
72 29
72 41
72 65
72 119
72 130
72 8
72 125
72 33
72 85
72 106
72 155
72 147
72 189
72 183
72 108
72 163
72 123
72 172
72 109
72 27
72 104
72 144
72 15
72 179
72 58
72 89
72 30
72 82
72 16
72 117
72 181
72 40
72 71
72 78
72 31
72 74
72 186
72 151
72 96
72 38
72 129
72 171
72 152
72 50
72 177
72 153
72 134
72 154
72 61
72 44
72 48
72 25
72 157
72 59
73 158
73 154
73 115
73 126
73 21
73 200
73 146
73 98
73 153
73 141
73 182
73 22
73 173
73 110
73 122
73 127
73 129
73 84
73 74
73 55
73 38
73 143
73 189
73 40
73 8
73 88
73 105
73 149
73 64
73 198
73 134
73 125
73 50
73 17
73 168
73 109
73 133
73 163
73 4
74 80
74 107
74 41
74 85
74 132
74 192
74 182
74 157
74 159
74 17
74 18
74 152
74 178
74 12
74 54
74 142
74 99
74 120
74 76
74 44
74 24
74 121
74 26
74 199
74 43
74 21
74 83
74 177
74 56
74 100
74 150
74 55
74 90
74 87
74 154
74 153
74 141
74 143
74 129
74 161
74 180
74 36
74 165
74 190
74 1
74 128
74 122
74 2
74 194
74 57
74 103
74 58
74 50
75 29
75 41
75 60
75 124
75 184
75 13
75 79
75 44
75 2
75 9
75 85
75 130
75 166
75 107
75 71
75 182
75 11
75 95
75 105
75 26
75 126
75 168
75 1
75 147
75 135
75 200
75 66
75 52
75 131
75 23
75 83
75 74
75 58
75 121
75 173
75 156
75 18
75 81
75 129
75 175
75 190
75 50
75 88
75 17
75 78
75 61
75 28
75 73
75 33
75 100
75 164
75 137
75 34
75 158
75 192
75 77
75 171
75 7
75 87
75 31
75 189
75 125
76 159
76 143
76 71
76 7
76 196
76 84
76 27
76 111
76 47
76 144
76 82
76 4
76 112
76 199
76 184
76 46
76 135
76 179
76 106
76 34
76 142
76 60
76 169
76 63
76 104
76 150
76 54
76 26
76 108
76 51
76 88
76 181
76 22
76 29
76 168
76 158
76 17
76 146
76 33
76 137
76 77
76 68
76 167
76 172
76 73
76 166
76 139
76 15
76 188
76 145
76 97
76 171
76 117
76 12
76 105
76 118
76 163
76 14
76 152
77 144
77 185
77 136
77 151
77 160
77 155
77 195
77 50
77 134
77 133
77 90
77 163
77 15
77 102
77 76
77 97
77 61
77 143
77 150
77 190
77 182
77 115
77 178
77 1
77 18
77 146
77 131
77 53
77 166
77 34
77 25
77 36
77 41
77 176
77 165
77 19
77 186
77 52
77 116
77 20
77 194
77 129
77 79
77 112
77 105
77 71
77 45
77 191
77 183
77 38
77 80
77 75
77 31
77 130
77 92
77 184
77 175
77 59
78 185
78 54
78 122
78 2
78 73
78 178
78 175
78 68
78 186
78 134
78 160
78 188
78 135
78 128
78 112
78 32
78 155
78 9
78 108
78 20
78 184
78 38
78 141
78 4
78 26
78 41
78 13
78 65
78 46
78 58
78 44
78 196
78 189
78 124
78 72
78 161
78 51
78 142
78 84
78 67
78 198
78 147
78 120
78 71
78 117
78 154
78 146
78 10
78 80
78 99
78 28
78 100
78 102
78 94
78 138
78 74
78 36
78 133
79 21
79 120
79 80
79 134
79 11
79 144
79 151
79 175
79 152
79 47
79 149
79 1
79 157
79 31
79 101
79 24
79 166
79 102
79 9
79 138
79 185
79 168
79 127
79 184
79 75
79 77
79 179
79 100
79 82
79 42
79 67
79 186
79 58
79 147
79 128
79 64
79 155
79 63
79 70
79 153
79 142
79 62
79 5
79 54
79 139
79 159
79 27
79 37
79 123
79 2
79 125
79 165
79 92
79 158
80 190
80 32
80 76
80 87
80 85
80 75
80 29
80 43
80 12
80 161
80 111
80 37
80 27
80 130
80 158
80 83
80 34
80 30
80 95
80 159
80 6
80 21
80 40
80 9
80 16
80 197
80 36
80 191
80 144
80 63
80 193
80 86
80 4
80 33
80 61
80 60
80 5
80 17
80 19
80 20
80 107
80 59
80 124
80 142
80 181
81 67
81 100
81 21
81 186
81 190
81 170
81 143
81 131
81 50
81 106
81 169
81 38
81 9
81 29
81 34
81 139
81 49
81 39
81 4
81 35
81 63
81 110
81 197
81 64
81 133
81 40
81 10
81 109
81 22
81 137
81 120
81 97
81 121
81 134
81 86
81 135
81 3
81 142
81 184
81 66
81 173
81 17
81 84
81 161
81 83
81 107
81 36
81 18
81 162
81 37
81 196
81 125
81 79
81 87
81 112
81 182
82 174
82 200
82 137
82 60
82 73
82 12
82 30
82 22
82 123
82 44
82 122
82 6
82 92
82 4
82 46
82 156
82 69
82 65
82 113
82 32
82 38
82 27
82 135
82 85
82 33
82 198
82 149
82 183
82 175
82 59
82 51
82 152
82 54
82 17
82 136
82 45
82 13
82 148
82 58
82 31
82 193
82 28
82 87
82 91
82 107
83 106
83 54
83 136
83 37
83 13
83 182
83 193
83 156
83 18
83 32
83 44
83 29
83 170
83 200
83 135
83 122
83 76
83 194
83 73
83 35
83 6
83 26
83 56
83 43
83 21
83 145
83 15
83 40
83 176
83 107
83 188
83 175
83 129
83 116
83 36
83 69
83 62
83 50
83 132
83 81
83 47
83 139
83 9
83 183
83 108
83 140
83 160
83 27
83 179
83 164
84 45
84 47
84 51
84 32
84 7
84 198
84 95
84 105
84 42
84 73
84 88
84 125
84 21
84 36
84 141
84 155
84 18
84 157
84 49
84 77
84 146
84 100
84 62
84 34
84 169
84 15
84 189
84 196
84 136
84 65
84 72
84 58
84 150
84 59
84 98
84 86
84 63
84 185
84 3
84 184
84 108
84 23
84 112
84 195
84 145
84 16
84 197
84 83
84 54
84 154
84 29
84 182
85 84
85 146
85 26
85 148
85 55
85 21
85 113
85 5
85 200
85 40
85 20
85 110
85 131
85 107
85 62
85 156
85 191
85 190
85 73
85 12
85 2
85 72
85 101
85 22
85 119
85 86
85 23
85 135
85 132
85 18
85 76
85 139
85 15
85 27
85 196
85 38
85 78
85 103
85 31
85 88
85 8
85 65
85 68
85 79
85 97
85 34
85 90
85 49
85 176
85 180
85 60
86 63
86 132
86 16
86 20
86 30
86 106
86 45
86 146
86 23
86 179
86 36
86 46
86 33
86 52
86 199
86 111
86 6
86 57
86 103
86 177
86 65
86 43
86 190
86 48
86 12
86 165
86 55
86 171
86 131
86 25
86 89
86 5
86 54
86 97
86 188
86 7
86 152
86 69
86 22
86 58
86 74
86 186
86 113
86 94
86 125
86 96
86 163
86 1
86 92
86 184
86 112
86 158
87 161
87 162
87 105
87 30
87 112
87 16
87 29
87 46
87 106
87 54
87 102
87 50
87 61
87 136
87 73
87 1
87 166
87 41
87 184
87 86
87 55
87 52
87 189
87 153
87 163
87 154
87 5
87 98
87 81
87 3
87 64
87 37
87 45
87 181
87 110
87 146
87 100
87 122
87 14
87 199
87 198
87 24
87 22
87 18
87 164
87 53
87 177
87 129
87 124
87 84
87 15
87 148
87 36
88 44
88 96
88 163
88 4
88 173
88 61
88 123
88 118
88 153
88 169
88 177
88 10
88 72
88 159
88 67
88 63
88 68
88 180
88 28
88 200
88 182
88 24
88 27
88 7
88 95
88 189
88 9
88 183
88 94
88 198
88 77
88 97
88 149
88 125
88 70
88 112
88 37
88 151
88 155
88 104
88 90
88 109
88 5
88 147
88 85
88 33
88 74
88 25
88 105
88 41
88 86
88 158
88 45
88 131
88 137
89 141
89 122
89 22
89 167
89 32
89 144
89 77
89 74
89 156
89 199
89 95
89 152
89 163
89 171
89 103
89 85
89 82
89 42
89 5
89 28
89 180
89 35
89 108
89 111
89 33
89 48
89 198
89 119
89 132
89 64
89 34
89 197
89 1
89 101
89 133
89 78
89 97
89 179
89 143
89 190
89 36
89 185
89 117
89 56
89 113
89 59
89 8
89 120
89 29
89 49
89 58
90 168
90 110
90 59
90 64
90 66
90 4
90 23
90 84
90 153
90 48
90 169
90 134
90 155
90 29
90 103
90 154
90 8
90 14
90 94
90 178
90 57
90 102
90 69
90 67
90 2
90 148
90 3
90 78
90 140
90 183
90 27
90 73
90 143
90 146
90 120
90 174
90 62
90 24
90 135
90 131
90 63
90 26
90 127
90 193
90 180
90 200
90 75
90 51
90 91
90 186
91 25
91 123
91 18
91 199
91 135
91 183
91 79
91 140
91 61
91 9
91 24
91 159
91 148
91 44
91 81
91 150
91 23
91 99
91 164
91 191
91 35
91 116
91 67
91 198
91 110
91 112
91 98
91 57
91 131
91 129
91 63
91 76
91 85
91 171
91 31
91 109
91 72
91 127
91 130
91 184
91 30
91 101
91 95
91 185
91 157
91 92
91 52
91 156
91 190
91 77
91 141
91 174
91 182
91 104
91 160
91 143
91 28
91 178
92 136
92 174
92 113
92 60
92 160
92 147
92 91
92 7
92 110
92 34
92 124
92 61
92 29
92 150
92 76
92 168
92 25
92 126
92 178
92 65
92 180
92 102
92 155
92 122
92 90
92 144
92 33
92 22
92 63
92 173
92 20
92 172
92 108
92 140
92 68
92 106
92 14
92 77
92 100
92 28
92 8
92 197
92 141
92 130
92 66
92 16
92 194
92 62
92 133
92 143
92 154
92 27
93 172
93 66
93 102
93 59
93 104
93 139
93 182
93 63
93 200
93 174
93 47
93 163
93 138
93 79
93 80
93 29
93 109
93 186
93 151
93 38
93 21
93 141
93 2
93 39
93 24
93 121
93 146
93 58
93 196
93 33
93 125
93 101
93 198
93 68
93 73
93 91
93 185
93 35
93 51
93 118
93 22
93 6
93 181
93 152
93 84
93 148
93 154
93 17
93 166
93 122
93 50
93 100
93 60
93 129
93 25
93 64
93 18
94 162
94 154
94 47
94 110
94 156
94 131
94 71
94 108
94 104
94 195
94 81
94 91
94 98
94 125
94 5
94 138
94 102
94 177
94 100
94 17
94 107
94 158
94 80
94 77
94 194
94 78
94 183
94 18
94 168
94 173
94 166
94 66
94 103
94 33
94 163
94 21
94 93
94 12
94 8
94 43
94 75
94 29
94 25
94 37
94 48
94 51
94 118
94 165
95 165
95 68
95 130
95 159
95 79
95 90
95 27
95 172
95 23
95 147
95 35
95 107
95 162
95 86
95 74
95 84
95 181
95 96
95 196
95 67
95 99
95 29
95 12
95 155
95 128
95 122
95 169
95 163
95 10
95 153
95 7
95 160
95 102
95 55
95 192
95 72
95 88
95 184
95 120
95 104
95 8
95 70
95 47
95 49
95 187
95 3
95 177
95 5
95 123
95 125
95 121
95 161
95 45
95 37
95 135
95 149
95 53
95 146
95 168
95 46
95 17
95 16
95 156
95 66
96 135
96 16
96 17
96 20
96 147
96 58
96 139
96 198
96 129
96 79
96 29
96 115
96 108
96 38
96 98
96 51
96 110
96 44
96 92
96 113
96 165
96 74
96 133
96 105
96 10
96 121
96 136
96 152
96 95
96 168
96 137
96 164
96 68
96 99
96 76
96 30
96 3
96 40
96 54
96 182
96 191
96 101
96 124
96 1
96 82
96 174
96 35
96 141
96 120
97 125
97 180
97 194
97 84
97 64
97 7
97 26
97 72
97 96
97 12
97 104
97 54
97 160
97 11
97 107
97 53
97 50
97 101
97 111
97 46
97 25
97 168
97 133
97 151
97 200
97 182
97 100
97 10
97 66
97 39
97 78
97 130
97 35
97 118
97 197
97 5
97 167
97 185
97 121
97 74
97 23
97 86
97 127
97 150
97 89
97 184
97 4
98 159
98 66
98 36
98 99
98 72
98 2
98 143
98 56
98 189
98 167
98 88
98 151
98 192
98 138
98 200
98 113
98 163
98 31
98 156
98 110
98 147
98 9
98 39
98 128
98 67
98 107
98 77
98 33
98 16
98 142
98 54
98 75
98 73
98 76
98 117
98 109
98 139
98 148
99 103
99 17
99 8
99 140
99 66
99 39
99 138
99 5
99 171
99 148
99 6
99 139
99 189
99 46
99 7
99 158
99 112
99 29
99 81
99 41
99 85
99 2
99 126
99 156
99 53
99 65
99 136
99 69
99 26
99 162
100 185
100 132
100 65
100 137
100 142
100 5
100 194
100 62
100 103
100 38
100 60
100 44
100 24
100 106
100 33
100 61
100 40
100 112
100 42
100 191
100 200
100 35
100 190
100 193
100 95
100 18
100 150
100 63
100 155
100 89
100 70
100 133
100 49
100 160
100 30
100 8
100 164
100 94
100 87
100 196
100 180
100 168
100 163
100 186
100 21
100 3
101 59
101 77
101 111
101 90
101 19
101 197
101 137
101 164
101 135
101 48
101 145
101 42
101 114
101 91
101 34
101 124
101 128
101 138
101 177
101 186
101 191
101 156
101 166
101 35
101 157
101 66
101 198
101 36
101 84
101 68
101 149
101 38
101 21
101 25
101 37
101 94
101 180
101 163
101 5
101 18
101 154
101 27
101 126
101 44
101 155
101 179
101 173
101 147
102 113
102 64
102 192
102 175
102 61
102 98
102 29
102 51
102 6
102 198
102 69
102 148
102 133
102 68
102 9
102 70
102 146
102 117
102 144
102 124
102 163
102 190
102 128
102 75
102 26
102 176
102 104
102 107
102 164
102 184
102 156
102 33
102 39
102 145
102 118
102 149
102 140
102 167
102 37
102 76
102 177
102 151
102 152
102 193
102 59
102 27
102 95
102 57
103 2
103 166
103 49
103 181
103 191
103 110
103 23
103 101
103 8
103 16
103 164
103 105
103 31
103 45
103 83
103 36
103 124
103 38
103 60
103 17
103 155
103 169
103 190
103 189
103 88
103 180
103 81
103 22
103 41
103 55
103 54
103 123
103 162
103 27
103 91
103 174
103 132
103 10
103 141
103 6
103 151
103 53
103 61
103 126
103 170
103 129
103 33
103 47
103 71
103 57
103 44
103 127
104 113
104 169
104 198
104 196
104 174
104 157
104 62
104 170
104 168
104 87
104 141
104 65
104 130
104 14
104 179
104 38
104 131
104 133
104 60
104 18
104 199
104 12
104 21
104 167
104 164
104 97
104 152
104 94
104 44
104 187
104 84
104 99
104 153
104 112
104 139
104 182
104 128
104 27
104 69
104 59
104 155
104 4
104 110
104 86
104 11
104 52
104 81
104 177
104 136
105 176
105 118
105 5
105 32
105 156
105 68
105 2
105 183
105 154
105 145
105 182
105 155
105 92
105 149
105 122
105 106
105 3
105 77
105 186
105 104
105 141
105 62
105 116
105 34
105 113
105 37
105 30
105 90
105 24
105 140
105 53
105 85
105 31
105 16
105 199
105 93
105 143
105 198
105 174
105 22
105 101
105 130
105 50
105 196
105 6
105 170
105 102
105 27
105 59
105 14
105 200
105 67
105 39
105 89
105 70
105 131
105 42
105 169
105 147
106 194
106 135
106 26
106 24
106 148
106 88
106 72
106 179
106 71
106 199
106 122
106 75
106 13
106 174
106 120
106 126
106 145
106 188
106 85
106 140
106 170
106 103
106 131
106 1
106 136
106 36
106 138
106 3
106 124
106 40
106 113
106 25
106 162
106 11
106 91
106 29
106 118
106 168
106 45
106 119
106 178
106 93
106 47
106 28
107 130
107 50
107 3
107 39
107 134
107 177
107 118
107 85
107 6
107 164
107 145
107 146
107 42
107 23
107 123
107 35
107 41
107 157
107 115
107 199
107 5
107 114
107 63
107 186
107 127
107 158
107 183
107 62
107 19
107 138
107 100
107 151
107 194
107 14
107 77
107 10
107 11
107 172
107 45
107 192
107 47
107 31
107 110
107 154
107 178
107 122
107 9
107 93
107 184
107 89
108 126
108 11
108 48
108 42
108 45
108 121
108 23
108 14
108 50
108 178
108 176
108 131
108 81
108 43
108 151
108 143
108 12
108 135
108 177
108 53
108 54
108 152
108 82
108 36
108 98
108 20
108 52
108 51
108 172
108 87
108 101
108 16
108 111
108 96
108 183
108 141
108 66
108 10
108 7
108 68
108 29
108 196
108 84
108 164
108 116
108 73
108 132
108 65
108 188
108 105
108 179
108 103
108 112
108 27
108 150
108 144
108 162
108 180
108 129
108 39
108 182
108 109
109 142
109 164
109 196
109 165
109 62
109 100
109 7
109 158
109 141
109 29
109 128
109 19
109 87
109 57
109 194
109 102
109 16
109 161
109 24
109 4
109 49
109 59
109 81
109 69
109 132
109 151
109 66
109 37
109 73
109 33
109 94
109 182
109 154
109 159
109 176
109 186
109 166
109 25
109 30
109 75
109 97
109 195
109 9
109 21
109 152
110 12
110 7
110 170
110 30
110 17
110 46
110 198
110 102
110 1
110 137
110 85
110 167
110 146
110 175
110 73
110 22
110 122
110 23
110 162
110 32
110 38
110 3
110 144
110 186
110 178
110 156
110 161
110 127
110 5
110 143
110 71
110 67
110 114
110 129
110 190
110 4
110 34
110 138
110 159
110 169
110 142
110 50
110 109
110 47
110 163
110 133
110 98
110 14
110 99
110 59
110 155
110 136
110 166
110 82
110 183
110 9
110 182
110 78
110 172
110 123
110 87
110 118
110 171
110 44
110 100
111 93
111 76
111 46
111 84
111 198
111 121
111 37
111 13
111 105
111 167
111 109
111 199
111 138
111 7
111 169
111 48
111 122
111 87
111 57
111 170
111 133
111 144
111 61
111 175
111 4
111 183
111 104
111 2
111 77
111 148
111 160
111 40
111 192
111 54
111 65
111 101
111 197
111 139
111 90
111 42
111 118
112 93
112 154
112 190
112 52
112 109
112 120
112 65
112 197
112 113
112 169
112 14
112 45
112 177
112 189
112 31
112 17
112 12
112 26
112 94
112 101
112 57
112 62
112 156
112 167
112 165
112 147
112 19
112 35
112 76
112 89
112 87
112 64
112 104
112 40
112 134
112 8
112 48
112 140
112 56
112 5
112 198
112 157
112 71
112 28
112 122
112 36
112 115
112 135
112 176
112 161
112 110
112 46
112 139
112 72
112 4
113 16
113 110
113 90
113 143
113 116
113 4
113 190
113 188
113 31
113 82
113 196
113 84
113 36
113 192
113 173
113 129
113 121
113 142
113 46
113 112
113 63
113 79
113 157
113 106
113 197
113 150
113 20
113 96
113 64
113 186
113 92
113 47
113 60
113 33
113 86
113 118
113 18
113 148
113 187
113 12
113 13
114 87
114 178
114 86
114 88
114 93
114 177
114 137
114 157
114 144
114 100
114 43
114 79
114 89
114 34
114 78
114 124
114 94
114 108
114 141
114 191
114 10
114 7
114 146
114 33
114 187
114 131
114 95
114 80
114 198
114 8
114 182
114 75
114 134
114 68
114 150
114 183
114 143
114 184
114 15
114 54
114 138
114 57
114 30
114 104
114 44
114 52
115 46
115 164
115 195
115 108
115 180
115 120
115 151
115 191
115 65
115 83
115 198
115 160
115 12
115 3
115 79
115 11
115 63
115 60
115 175
115 81
115 91
115 112
115 4
115 136
115 122
115 153
115 82
115 23
115 14
115 36
115 17
115 150
115 135
115 6
115 25
115 97
115 78
115 50
115 40
115 149
115 181
115 167
115 172
115 99
115 41
115 37
115 147
115 35
115 98
115 126
115 161
115 170
116 103
116 3
116 40
116 149
116 181
116 5
116 47
116 37
116 97
116 172
116 104
116 187
116 26
116 96
116 8
116 102
116 70
116 6
116 177
116 180
116 155
116 184
116 182
116 154
116 145
116 52
116 80
116 55
116 157
116 30
116 176
116 165
116 135
116 23
116 36
116 171
116 151
116 21
116 170
116 122
116 24
116 118
116 150
116 77
116 117
116 32
116 130
116 16
116 51
116 164
116 114
117 51
117 6
117 114
117 68
117 45
117 96
117 164
117 142
117 64
117 108
117 43
117 21
117 15
117 167
117 140
117 97
117 94
117 24
117 141
117 181
117 78
117 93
117 182
117 190
117 39
117 130
117 77
117 73
117 169
117 61
117 10
117 52
117 4
117 154
117 126
117 148
117 18
117 44
117 90
117 157
117 144
117 3
117 194
117 191
117 106
117 57
117 149
118 66
118 78
118 50
118 114
118 199
118 131
118 42
118 82
118 64
118 168
118 22
118 197
118 71
118 165
118 16
118 92
118 15
118 142
118 188
118 127
118 13
118 25
118 173
118 159
118 163
118 110
118 129
118 63
118 74
118 176
118 158
118 30
118 23
118 62
118 119
118 54
118 5
118 126
118 70
118 49
118 91
118 87
118 175
118 59
118 41
118 157
119 145
119 2
119 74
119 197
119 130
119 106
119 162
119 67
119 60
119 31
119 129
119 27
119 64
119 157
119 24
119 4
119 21
119 14
119 78
119 16
119 172
119 41
119 158
119 5
119 178
119 155
119 49
119 195
119 68
119 177
119 192
119 126
119 169
119 185
119 94
119 58
119 29
119 38
119 63
119 124
119 180
119 190
119 55
119 8
119 149
119 147
119 170
119 33
119 104
120 79
120 176
120 115
120 49
120 50
120 24
120 128
120 141
120 14
120 164
120 175
120 101
120 87
120 13
120 185
120 107
120 57
120 133
120 82
120 78
120 121
120 145
120 172
120 196
120 147
120 77
120 156
120 181
120 114
120 74
120 178
120 37
120 84
120 119
120 38
120 184
120 36
120 197
120 40
120 136
120 160
120 174
120 76
120 67
120 158
120 153
121 24
121 22
121 176
121 52
121 127
121 163
121 46
121 59
121 141
121 29
121 69
121 171
121 13
121 200
121 123
121 115
121 42
121 186
121 162
121 62
121 93
121 16
121 76
121 151
121 97
121 173
121 31
121 26
121 66
121 191
121 84
121 149
121 71
121 189
121 6
121 53
121 125
121 15
121 56
121 92
121 89
121 70
121 190
121 94
121 147
121 168
121 75
121 18
121 2
122 28
122 126
122 106
122 29
122 45
122 129
122 14
122 102
122 175
122 141
122 169
122 4
122 127
122 119
122 117
122 50
122 22
122 140
122 110
122 9
122 159
122 158
122 56
122 160
122 42
122 13
122 73
122 155
122 44
122 135
122 69
122 143
122 109
122 184
122 176
122 60
122 112
122 100
122 95
122 182
122 82
122 187
122 152
122 12
122 144
122 76
122 172
122 188
122 173
122 40
122 124
123 129
123 113
123 194
123 89
123 93
123 144
123 70
123 110
123 121
123 20
123 15
123 45
123 7
123 48
123 189
123 36
123 4
123 142
123 66
123 27
123 167
123 170
123 179
123 49
123 63
123 69
123 13
123 147
123 169
123 68
123 18
123 192
123 22
123 51
123 87
123 74
123 67
123 23
123 12
123 149
123 50
123 2
123 199
123 53
123 183
124 88
124 130
124 41
124 110
124 95
124 76
124 14
124 141
124 65
124 190
124 24
124 8
124 140
124 101
124 9
124 196
124 164
124 108
124 176
124 168
124 187
124 120
124 135
124 57
124 79
124 172
124 21
124 15
124 16
124 111
124 153
124 115
124 121
124 146
124 92
124 193
124 163
124 104
124 137
124 45
124 81
124 142
124 47
124 138
124 73
124 119
124 169
124 33
124 43
124 35
125 105
125 196
125 112
125 22
125 171
125 15
125 68
125 102
125 133
125 41
125 167
125 158
125 69
125 144
125 143
125 47
125 172
125 162
125 81
125 156
125 1
125 104
125 120
125 132
125 36
125 93
125 141
125 30
125 42
125 2
125 25
125 82
125 11
125 60
125 80
125 173
125 48
125 148
125 76
125 191
125 78
125 18
125 29
125 153
125 58
125 54
125 195
125 8
126 107
126 111
126 188
126 165
126 59
126 1
126 32
126 73
126 184
126 48
126 168
126 76
126 44
126 155
126 2
126 198
126 29
126 157
126 61
126 16
126 36
126 97
126 152
126 173
126 174
126 181
126 180
126 94
126 146
126 19
126 3
126 98
126 66
126 18
126 11
126 150
126 117
126 162
126 106
126 41
126 6
126 86
126 90
126 13
126 110
126 58
126 40
126 100
126 133
127 118
127 86
127 104
127 198
127 97
127 66
127 161
127 74
127 150
127 58
127 17
127 158
127 144
127 65
127 160
127 193
127 27
127 142
127 200
127 85
127 109
127 163
127 117
127 61
127 190
127 35
127 137
127 125
127 36
127 62
127 174
127 131
127 159
127 80
127 197
127 100
127 75
127 76
127 11
127 167
127 29
127 73
127 188
127 141
127 111
127 172
127 89
128 197
128 97
128 101
128 125
128 114
128 80
128 148
128 43
128 74
128 31
128 79
128 158
128 142
128 152
128 107
128 18
128 84
128 3
128 143
128 117
128 48
128 13
128 11
128 119
128 88
128 56
128 173
128 44
128 83
128 41
128 154
128 14
128 155
128 196
128 130
128 94
128 23
128 174
128 78
128 150
128 58
128 77
129 16
129 151
129 135
129 73
129 95
129 39
129 121
129 146
129 42
129 64
129 74
129 70
129 10
129 114
129 184
129 80
129 86
129 119
129 30
129 5
129 72
129 145
129 23
129 140
129 15
129 186
129 28
129 187
129 59
129 200
129 35
129 118
129 166
129 177
129 148
129 106
129 24
129 21
129 131
129 170
129 76
129 51
129 150
129 126
129 132
130 199
130 164
130 142
130 33
130 189
130 91
130 140
130 145
130 26
130 114
130 195
130 86
130 3
130 29
130 48
130 25
130 122
130 188
130 46
130 70
130 147
130 40
130 56
130 187
130 135
130 120
130 58
130 139
130 190
130 169
130 156
130 35
130 155
130 45
130 14
130 106
130 107
130 77
130 173
130 88
130 183
130 168
130 98
130 129
130 170
130 105
130 103
130 126
130 148
130 87
130 104
130 74
130 128
130 51
130 1
130 121
130 191
130 143
130 144
131 138
131 186
131 139
131 164
131 195
131 170
131 102
131 161
131 122
131 47
131 93
131 126
131 130
131 183
131 24
131 196
131 176
131 32
131 35
131 3
131 64
131 180
131 37
131 104
131 181
131 8
131 175
131 39
131 143
131 82
131 76
131 114
131 182
131 67
131 16
131 200
131 155
131 191
131 107
131 49
131 137
132 13
132 112
132 34
132 100
132 28
132 44
132 170
132 164
132 26
132 8
132 141
132 90
132 94
132 108
132 18
132 17
132 15
132 63
132 183
132 169
132 33
132 180
132 98
132 155
132 125
132 85
132 32
132 35
132 136
132 75
132 79
132 2
132 167
132 172
132 55
132 82
132 76
132 145
132 129
132 49
132 14
132 25
132 149
132 162
133 199
133 43
133 157
133 139
133 79
133 58
133 18
133 181
133 67
133 77
133 61
133 37
133 193
133 90
133 19
133 88
133 165
133 12
133 52
133 24
133 98
133 190
133 132
133 53
133 170
133 28
133 166
133 162
133 64
133 51
133 186
133 89
133 15
133 55
133 27
133 124
133 136
133 65
133 146
133 141
133 74
133 95
133 42
133 152
133 14
134 163
134 87
134 63
134 80
134 102
134 31
134 30
134 71
134 76
134 47
134 29
134 138
134 146
134 54
134 70
134 133
134 84
134 172
134 53
134 132
134 156
134 184
134 83
134 57
134 126
134 143
134 5
134 159
134 61
134 18
134 140
134 195
134 44
134 113
134 17
134 79
134 35
134 107
134 37
134 33
134 162
134 151
134 7
134 161
134 189
134 12
134 93
134 124
134 190
134 166
134 24
134 3
134 169
134 173
134 174
134 36
134 179
135 86
135 169
135 74
135 7
135 36
135 8
135 33
135 108
135 20
135 5
135 125
135 58
135 44
135 106
135 59
135 38
135 78
135 165
135 153
135 39
135 120
135 151
135 100
135 14
135 170
135 11
135 119
135 132
135 150
135 18
135 24
135 55
135 82
135 172
135 92
135 145
135 134
135 123
135 142
135 73
135 9
135 159
135 13
135 37
135 99
135 140
135 71
135 188
135 90
135 98
135 60
135 156
135 45
135 161
135 22
135 28
136 133
136 103
136 109
136 21
136 65
136 98
136 193
136 13
136 180
136 94
136 178
136 23
136 179
136 57
136 112
136 197
136 191
136 5
136 188
136 71
136 127
136 51
136 43
136 168
136 167
136 89
136 17
136 37
136 99
136 110
136 66
136 189
136 119
136 141
136 10
136 147
136 159
136 25
136 124
136 135
136 144
136 146
136 174
136 164
136 20
136 46
136 96
136 15
136 32
136 125
136 149
136 86
137 51
137 52
137 64
137 54
137 50
137 177
137 122
137 198
137 172
137 182
137 194
137 53
137 152
137 171
137 58
137 9
137 87
137 154
137 125
137 44
137 101
137 174
137 159
137 86
137 118
137 105
137 160
137 45
137 20
137 24
137 165
137 7
137 49
137 115
137 121
137 83
137 40
137 90
137 126
137 111
137 10
137 157
137 156
137 23
137 148
138 181
138 101
138 121
138 150
138 115
138 20
138 186
138 26
138 72
138 174
138 93
138 145
138 199
138 122
138 139
138 157
138 188
138 32
138 107
138 126
138 89
138 98
138 57
138 131
138 75
138 97
138 109
138 161
138 85
138 90
138 179
138 153
138 3
138 141
138 110
138 113
138 59
138 25
138 33
138 92
138 135
138 108
138 58
138 160
138 129
138 152
138 6
138 117
138 148
138 65
138 104
139 28
139 65
139 107
139 83
139 189
139 177
139 122
139 12
139 85
139 125
139 195
139 126
139 156
139 161
139 68
139 7
139 60
139 170
139 56
139 164
139 5
139 20
139 49
139 186
139 118
139 176
139 58
139 174
139 192
139 135
139 169
139 19
139 184
139 76
139 143
139 66
139 42
139 162
139 14
139 32
139 72
139 166
139 9
139 171
139 196
139 131
139 26
139 121
139 53
139 80
139 109
140 115
140 3
140 78
140 127
140 11
140 72
140 179
140 159
140 147
140 15
140 17
140 182
140 185
140 128
140 137
140 198
140 49
140 139
140 102
140 143
140 88
140 73
140 192
140 51
140 191
140 119
140 136
140 114
140 65
140 44
140 28
140 98
140 180
140 125
140 70
140 109
140 47
140 89
140 74
141 162
141 85
141 28
141 126
141 106
141 112
141 154
141 78
141 21
141 87
141 39
141 120
141 132
141 35
141 72
141 166
141 102
141 73
141 161
141 140
141 176
141 121
141 167
141 105
141 64
141 22
141 63
141 113
141 75
141 164
141 93
141 98
141 151
141 97
141 56
141 1
141 12
141 107
141 169
141 115
141 124
141 146
141 74
141 55
141 45
141 145
142 160
142 24
142 137
142 10
142 103
142 195
142 154
142 135
142 145
142 200
142 57
142 82
142 157
142 67
142 1
142 69
142 39
142 115
142 162
142 8
142 127
142 165
142 11
142 187
142 91
142 197
142 56
142 104
142 21
142 150
142 138
142 171
142 111
142 106
142 14
142 97
142 22
142 27
142 175
142 75
142 70
142 28
142 149
142 74
142 122
142 169
142 118
142 98
142 108
142 193
142 125
142 96
142 158
142 9
142 159
142 63
142 120
143 125
143 28
143 45
143 119
143 134
143 70
143 129
143 41
143 136
143 112
143 124
143 100
143 40
143 117
143 192
143 166
143 14
143 170
143 47
143 196
143 75
143 175
143 64
143 9
143 137
143 62
143 195
143 121
143 183
143 185
143 153
143 48
143 116
143 63
143 171
143 104
143 163
143 149
143 199
143 37
143 133
143 10
143 108
143 66
143 155
143 88
143 151
143 49
143 159
143 24
144 184
144 188
144 18
144 157
144 91
144 135
144 178
144 17
144 182
144 136
144 197
144 166
144 149
144 191
144 89
144 123
144 107
144 92
144 187
144 22
144 179
144 66
144 74
144 171
144 199
144 132
144 71
144 94
144 155
144 158
144 102
144 34
144 72
144 42
144 25
144 13
144 1
144 133
144 152
144 108
144 143
144 9
144 21
144 120
144 147
144 85
144 105
144 73
144 7
144 127
144 125
144 87
145 132
145 118
145 159
145 115
145 23
145 51
145 112
145 91
145 42
145 36
145 119
145 198
145 193
145 95
145 18
145 175
145 16
145 165
145 60
145 100
145 3
145 31
145 101
145 58
145 28
145 97
145 123
145 195
145 182
145 128
145 85
145 19
145 106
145 25
145 45
145 10
145 149
145 116
145 93
145 141
145 74
145 21
145 178
145 113
145 135
145 161
146 32
146 142
146 168
146 62
146 163
146 169
146 98
146 165
146 60
146 7
146 122
146 30
146 109
146 193
146 152
146 119
146 154
146 162
146 188
146 174
146 14
146 40
146 57
146 182
146 133
146 147
146 118
146 89
146 149
146 13
146 186
146 36
146 41
146 22
146 104
146 92
146 196
146 158
146 71
146 93
146 129
146 25
146 67
146 106
146 43
147 74
147 191
147 103
147 27
147 152
147 101
147 6
147 149
147 106
147 155
147 35
147 200
147 164
147 24
147 117
147 90
147 158
147 11
147 80
147 43
147 93
147 66
147 109
147 9
147 199
147 127
147 77
147 150
147 16
147 182
147 139
147 111
147 198
147 132
147 40
147 13
147 115
147 81
147 128
147 73
147 140
147 38
147 72
147 79
147 163
147 119
147 184
147 37
147 53
147 52
147 120
147 159
147 110
147 180
147 12
147 71
147 20
147 112
147 188
147 148
148 12
148 134
148 39
148 145
148 29
148 197
148 44
148 126
148 52
148 99
148 22
148 76
148 13
148 169
148 32
148 108
148 124
148 26
148 192
148 11
148 188
148 73
148 146
148 48
148 106
148 25
148 104
148 60
148 178
148 160
148 3
148 63
148 69
148 62
148 125
148 140
148 15
148 111
148 98
148 33
148 31
148 34
148 200
148 30
148 19
148 158
148 129
148 107
148 89
149 18
149 44
149 164
149 86
149 176
149 200
149 107
149 152
149 28
149 167
149 94
149 181
149 48
149 36
149 121
149 41
149 134
149 112
149 71
149 29
149 64
149 20
149 178
149 47
149 187
149 38
149 96
149 109
149 53
149 33
149 3
149 77
149 100
149 135
149 122
149 73
149 127
149 142
149 67
149 156
149 49
149 102
149 157
149 19
149 129
149 87
149 95
149 117
149 30
149 125
149 42
149 140
149 66
149 46
149 6
149 116
149 130
149 74
149 128
149 197
149 194
149 60
149 78
149 145
149 68
149 132
149 158
150 109
150 39
150 20
150 183
150 103
150 51
150 35
150 136
150 149
150 82
150 41
150 89
150 2
150 152
150 86
150 156
150 105
150 16
150 13
150 147
150 36
150 113
150 74
150 1
150 108
150 7
150 17
150 141
150 123
150 157
150 168
150 179
150 30
150 99
150 175
150 173
150 68
150 96
150 114
150 165
150 3
150 18
150 154
150 5
150 151
150 104
150 48
150 167
150 158
150 44
150 95
150 81
150 185
150 121
150 47
150 32
150 61
150 73
150 106
150 98
150 19
150 116
150 9
150 124
151 156
151 163
151 56
151 27
151 49
151 115
151 71
151 116
151 189
151 182
151 100
151 10
151 52
151 160
151 88
151 97
151 114
151 162
151 86
151 185
151 30
151 105
151 47
151 35
151 179
151 14
151 76
151 19
151 93
151 159
151 25
151 199
151 128
151 141
151 12
151 68
151 50
151 75
151 22
151 125
151 131
151 37
152 58
152 197
152 8
152 78
152 83
152 144
152 79
152 132
152 163
152 140
152 84
152 167
152 174
152 15
152 38
152 158
152 121
152 94
152 13
152 92
152 35
152 189
152 22
152 27
152 145
152 61
152 126
152 155
152 80
152 151
152 142
152 55
152 33
152 20
152 115
152 97
152 111
152 196
152 160
152 150
152 25
152 185
152 85
152 136
152 89
152 165
152 114
152 188
152 36
152 129
152 122
152 125
153 44
153 173
153 59
153 130
153 159
153 86
153 142
153 120
153 96
153 137
153 30
153 26
153 171
153 105
153 141
153 71
153 125
153 11
153 37
153 148
153 15
153 50
153 174
153 62
153 119
153 7
153 45
153 124
153 146
153 150
153 133
153 180
153 16
153 1
153 4
153 179
153 76
153 122
153 69
153 186
153 82
153 165
153 68
153 101
153 158
153 95
153 114
153 29
153 36
153 47
153 73
153 18
153 162
153 92
153 93
153 198
153 38
153 32
153 42
154 15
154 170
154 12
154 46
154 177
154 19
154 31
154 50
154 151
154 69
154 4
154 196
154 193
154 18
154 47
154 104
154 65
154 90
154 172
154 100
154 55
154 29
154 11
154 53
154 106
154 187
154 107
154 143
154 161
154 128
154 125
154 6
154 136
154 130
154 75
154 28
154 10
154 199
154 134
154 60
154 108
154 138
154 159
154 76
154 35
154 59
154 198
154 157
154 13
154 148
154 149
154 116
154 175
154 44
154 54
155 145
155 92
155 13
155 173
155 184
155 59
155 61
155 180
155 68
155 169
155 132
155 21
155 2
155 5
155 135
155 175
155 156
155 163
155 93
155 20
155 147
155 200
155 103
155 75
155 71
155 9
155 192
155 183
155 84
155 66
155 79
155 3
155 196
155 142
155 19
155 141
155 160
155 199
155 117
155 109
155 52
155 101
155 134
155 85
155 191
156 188
156 17
156 200
156 139
156 47
156 183
156 112
156 41
156 115
156 9
156 23
156 62
156 85
156 18
156 90
156 42
156 106
156 59
156 26
156 189
156 173
156 174
156 184
156 55
156 60
156 39
156 199
156 171
156 48
156 27
156 19
156 68
156 140
156 197
156 58
156 127
156 33
156 170
156 147
156 79
156 34
156 179
156 98
156 5
156 166
156 131
157 24
157 145
157 166
157 100
157 155
157 31
157 8
157 110
157 48
157 99
157 122
157 171
157 194
157 11
157 92
157 77
157 54
157 27
157 152
157 85
157 174
157 69
157 185
157 76
157 10
157 83
157 101
157 65
157 51
157 71
157 50
157 60
157 56
157 176
157 114
157 32
157 94
157 9
157 26
157 45
157 39
157 105
157 75
157 12
157 125
157 190
157 7
157 137
157 23
157 62
157 33
157 103
157 120
157 116
157 81
157 59
157 37
157 193
158 140
158 2
158 106
158 136
158 110
158 71
158 159
158 122
158 17
158 5
158 26
158 76
158 33
158 146
158 183
158 125
158 55
158 170
158 36
158 50
158 65
158 115
158 74
158 182
158 43
158 184
158 157
158 142
158 44
158 73
158 165
158 13
158 7
158 172
158 86
158 138
159 133
159 180
159 10
159 46
159 136
159 79
159 39
159 150
159 81
159 139
159 167
159 69
159 123
159 40
159 138
159 158
159 192
159 141
159 8
159 166
159 70
159 90
159 143
159 60
159 96
159 73
159 152
159 95
159 47
159 188
159 34
159 120
159 103
159 164
159 83
159 145
159 61
159 116
159 57
159 117
159 185
159 183
159 135
159 176
159 54
159 174
159 14
159 177
159 93
160 70
160 96
160 169
160 7
160 106
160 5
160 13
160 131
160 59
160 176
160 155
160 30
160 140
160 145
160 153
160 75
160 52
160 82
160 170
160 81
160 135
160 72
160 141
160 17
160 63
160 69
160 150
160 71
160 200
160 10
160 64
160 43
160 99
160 191
160 192
160 151
160 163
160 41
160 65
160 193
160 120
161 76
161 9
161 192
161 25
161 122
161 93
161 150
161 199
161 133
161 46
161 10
161 97
161 32
161 30
161 120
161 165
161 78
161 151
161 170
161 11
161 135
161 119
161 169
161 101
161 144
161 31
161 168
161 7
161 166
161 51
161 67
161 61
161 84
161 128
161 197
161 72
161 68
161 71
161 21
161 96
161 117
161 37
161 47
161 187
161 59
161 85
161 111
161 24
162 152
162 154
162 71
162 97
162 46
162 84
162 95
162 153
162 58
162 126
162 10
162 191
162 137
162 175
162 180
162 82
162 99
162 85
162 54
162 40
162 20
162 134
162 42
162 140
162 48
162 100
162 14
162 29
162 122
162 133
162 27
162 149
162 7
162 80
162 189
162 127
162 17
162 116
162 168
162 147
162 170
162 13
162 173
162 52
162 64
162 131
162 151
162 1
162 169
162 196
163 105
163 30
163 37
163 112
163 86
163 59
163 155
163 194
163 107
163 135
163 63
163 178
163 96
163 1
163 156
163 23
163 77
163 67
163 57
163 147
163 11
163 176
163 161
163 39
163 164
163 116
163 115
163 106
163 64
163 121
163 140
163 3
163 119
163 47
163 88
163 28
163 9
163 152
163 91
163 100
163 4
163 34
163 22
163 66
163 180
164 74
164 168
164 128
164 108
164 198
164 142
164 47
164 41
164 118
164 119
164 72
164 117
164 180
164 136
164 182
164 88
164 53
164 60
164 96
164 51
164 92
164 80
164 8
164 162
164 14
164 89
164 121
164 42
164 112
164 199
164 6
164 123
164 171
164 109
164 77
164 132
164 62
164 44
164 12
164 143
164 2
164 191
164 78
164 30
164 170
164 85
164 183
164 124
164 160
164 103
165 115
165 54
165 100
165 10
165 82
165 151
165 52
165 61
165 42
165 128
165 34
165 161
165 129
165 30
165 106
165 127
165 143
165 69
165 177
165 191
165 78
165 182
165 68
165 96
165 33
165 25
165 188
165 121
165 192
165 152
165 15
165 153
165 90
165 156
165 116
165 80
165 198
165 196
165 172
165 120
165 14
165 103
165 159
165 31
165 146
165 144
165 76
165 187
165 174
166 16
166 22
166 124
166 146
166 182
166 111
166 147
166 129
166 113
166 109
166 69
166 122
166 13
166 39
166 25
166 21
166 104
166 5
166 54
166 185
166 126
166 145
166 1
166 141
166 115
166 154
166 192
166 32
166 173
166 150
166 144
166 165
166 131
166 34
166 43
166 151
166 15
166 195
166 41
166 102
166 164
166 119
166 125
166 56
166 180
166 99
166 80
166 187
167 116
167 4
167 174
167 65
167 68
167 188
167 103
167 140
167 60
167 194
167 190
167 170
167 29
167 86
167 20
167 130
167 52
167 162
167 82
167 16
167 54
167 92
167 185
167 142
167 15
167 7
167 22
167 64
167 66
167 83
167 38
167 129
167 177
167 105
167 3
167 134
167 157
167 184
167 49
167 24
167 111
167 155
167 117
167 27
168 124
168 178
168 111
168 109
168 173
168 101
168 139
168 26
168 48
168 33
168 36
168 11
168 4
168 132
168 129
168 149
168 156
168 105
168 40
168 22
168 158
168 85
168 72
168 194
168 165
168 106
168 193
168 147
168 37
168 148
168 61
168 187
168 183
168 150
168 53
168 122
168 144
168 25
168 146
168 163
168 162
168 41
168 131
168 177
168 68
168 69
168 138
168 102
168 171
168 34
168 174
168 200
168 123
168 103
168 71
168 135
168 116
168 35
168 3
168 114
169 138
169 94
169 80
169 85
169 97
169 11
169 121
169 21
169 139
169 24
169 36
169 118
169 126
169 134
169 39
169 131
169 188
169 7
169 89
169 92
169 163
169 194
169 148
169 141
169 51
169 96
169 47
169 37
169 140
169 6
169 143
169 87
169 48
169 72
169 123
169 192
169 144
169 190
169 129
169 137
169 104
169 127
169 59
169 5
169 62
169 26
169 76
169 81
169 183
169 167
169 195
169 150
169 181
169 91
169 179
169 63
169 20
169 161
170 92
170 149
170 116
170 73
170 16
170 93
170 4
170 154
170 106
170 2
170 74
170 22
170 168
170 14
170 36
170 190
170 169
170 7
170 65
170 98
170 138
170 146
170 44
170 162
170 69
170 105
170 59
170 57
170 196
170 41
170 95
170 101
170 1
170 119
170 122
170 157
170 100
170 186
170 152
170 60
170 97
170 21
170 53
170 61
170 191
170 137
170 29
170 12
170 17
170 76
170 23
170 104
170 165
170 176
170 134
170 38
170 30
170 91
170 28
170 68
170 156
170 167
170 35
170 188
170 121
170 34
171 33
171 41
171 121
171 128
171 157
171 113
171 156
171 140
171 47
171 10
171 105
171 40
171 194
171 122
171 29
171 181
171 114
171 28
171 59
171 74
171 146
171 126
171 107
171 195
171 82
171 164
171 39
171 172
171 188
171 79
171 135
171 26
171 36
171 54
171 57
171 45
171 17
171 16
171 154
171 22
171 8
171 20
171 51
171 130
171 185
171 13
171 178
171 6
171 90
171 67
171 71
171 169
171 65
171 60
171 64
172 108
172 97
172 160
172 74
172 151
172 54
172 24
172 102
172 67
172 199
172 125
172 157
172 98
172 119
172 121
172 113
172 162
172 107
172 167
172 80
172 178
172 129
172 131
172 70
172 176
172 25
172 109
172 164
172 150
172 88
172 177
172 5
172 145
172 149
172 65
172 190
172 186
172 122
172 58
172 99
172 93
172 159
173 62
173 169
173 154
173 9
173 35
173 141
173 140
173 176
173 54
173 175
173 21
173 127
173 196
173 77
173 126
173 161
173 98
173 186
173 200
173 168
173 194
173 188
173 45
173 41
173 39
173 92
173 113
173 130
173 95
173 152
173 79
173 24
173 144
173 69
173 17
173 197
173 103
173 70
173 192
173 96
173 142
173 138
173 23
173 80
173 91
173 94
173 123
173 86
173 34
173 42
173 109
174 36
174 11
174 170
174 124
174 178
174 60
174 61
174 22
174 34
174 112
174 156
174 49
174 116
174 154
174 59
174 144
174 189
174 132
174 180
174 29
174 153
174 20
174 98
174 155
174 48
174 23
174 88
174 145
174 114
174 105
174 74
174 15
174 107
174 167
174 21
174 129
174 19
174 184
174 138
174 185
174 139
174 158
174 13
174 162
174 136
174 102
174 183
174 192
174 38
174 91
174 187
174 64
174 65
174 24
174 146
174 93
174 103
174 44
174 169
175 68
175 167
175 52
175 43
175 29
175 147
175 34
175 152
175 184
175 166
175 86
175 84
175 76
175 74
175 87
175 55
175 56
175 154
175 58
175 168
175 119
175 79
175 40
175 127
175 2
175 134
175 115
175 57
175 173
175 89
175 110
175 194
175 62
175 59
175 121
175 37
175 72
175 135
175 190
175 71
176 152
176 79
176 66
176 127
176 14
176 149
176 179
176 27
176 13
176 62
176 125
176 32
176 119
176 153
176 147
176 43
176 84
176 105
176 162
176 83
176 177
176 60
176 94
176 31
176 142
176 15
176 37
176 188
176 53
176 22
176 40
176 73
176 120
176 50
176 154
176 192
176 190
176 110
176 183
176 80
176 61
176 109
176 87
176 130
176 117
176 126
176 89
176 85
176 163
176 42
177 137
177 194
177 21
177 55
177 78
177 12
177 124
177 52
177 103
177 53
177 67
177 84
177 168
177 51
177 64
177 16
177 10
177 136
177 144
177 79
177 150
177 120
177 162
177 190
177 156
177 193
177 123
177 183
177 77
177 62
177 119
177 33
177 56
177 35
177 66
177 11
177 138
177 165
177 40
178 97
178 186
178 147
178 58
178 79
178 31
178 16
178 91
178 185
178 56
178 123
178 46
178 137
178 23
178 24
178 7
178 65
178 149
178 98
178 11
178 195
178 102
178 132
178 144
178 67
178 151
178 89
178 103
178 5
178 187
178 82
178 66
178 126
178 163
178 60
178 191
178 9
178 138
178 161
178 127
178 10
178 174
178 76
178 125
178 109
178 113
179 119
179 103
179 112
179 100
179 65
179 47
179 176
179 92
179 62
179 113
179 85
179 86
179 184
179 79
179 139
179 95
179 159
179 127
179 61
179 135
179 68
179 170
179 34
179 172
179 158
179 192
179 64
179 167
179 3
179 123
179 105
179 35
179 124
179 58
179 164
179 38
179 163
179 45
179 102
179 182
179 80
179 75
179 25
179 122
179 30
179 116
179 191
179 11
179 39
179 149
180 62
180 131
180 94
180 190
180 85
180 109
180 1
180 132
180 187
180 20
180 133
180 80
180 75
180 35
180 150
180 18
180 110
180 96
180 25
180 172
180 120
180 195
180 39
180 103
180 38
180 8
180 57
180 4
180 199
180 183
180 46
180 81
180 66
180 87
180 130
180 61
180 30
180 82
180 34
180 53
180 192
180 123
180 55
180 142
180 65
180 129
180 9
180 148
180 19
180 156
180 15
180 134
181 144
181 165
181 143
181 8
181 178
181 60
181 110
181 188
181 183
181 66
181 161
181 59
181 135
181 58
181 100
181 50
181 103
181 10
181 199
181 51
181 14
181 35
181 68
181 6
181 18
181 55
181 70
181 94
181 54
181 129
181 159
181 125
181 1
181 114
181 113
181 87
181 152
181 196
181 47
181 104
181 20
181 19
181 146
181 23
181 106
181 119
181 153
181 3
181 22
182 25
182 85
182 181
182 8
182 39
182 141
182 44
182 97
182 122
182 149
182 51
182 105
182 135
182 166
182 116
182 18
182 99
182 73
182 190
182 112
182 179
182 178
182 9
182 60
182 128
182 74
182 27
182 58
182 173
182 121
182 137
182 4
182 120
182 17
182 55
182 156
182 52
182 41
182 170
182 1
182 59
182 174
182 64
182 54
182 24
182 57
182 132
182 45
182 35
182 98
182 11
183 123
183 174
183 17
183 21
183 20
183 124
183 141
183 182
183 37
183 188
183 74
183 92
183 146
183 185
183 76
183 113
183 122
183 12
183 100
183 40
183 93
183 112
183 90
183 82
183 156
183 94
183 191
183 197
183 179
183 157
183 150
183 31
183 16
183 85
183 115
183 186
183 187
183 99
183 14
183 3
183 142
183 106
183 18
183 135
183 23
183 170
183 171
183 7
183 111
184 121
184 173
184 74
184 114
184 99
184 51
184 151
184 168
184 136
184 40
184 29
184 133
184 6
184 97
184 37
184 15
184 155
184 150
184 12
184 65
184 21
184 86
184 67
184 192
184 14
184 62
184 194
184 84
184 135
184 163
184 190
184 120
184 171
184 83
184 104
184 157
184 46
184 68
184 117
184 50
184 158
185 51
185 78
185 172
185 1
185 7
185 96
185 199
185 30
185 75
185 162
185 115
185 91
185 160
185 105
185 164
185 157
185 136
185 119
185 79
185 24
185 50
185 152
185 92
185 175
185 85
185 90
185 182
185 26
185 184
185 159
185 171
185 33
185 59
185 38
185 178
185 135
185 87
185 187
185 71
185 170
185 28
185 44
185 76
185 13
185 22
185 145
185 121
185 176
185 190
185 127
185 6
185 65
186 122
186 191
186 68
186 66
186 54
186 169
186 82
186 91
186 16
186 49
186 37
186 130
186 119
186 62
186 25
186 32
186 88
186 85
186 157
186 61
186 76
186 102
186 188
186 51
186 70
186 50
186 74
186 60
186 155
186 95
186 33
186 123
186 167
186 94
186 58
186 67
186 114
186 133
186 15
186 142
186 144
186 163
187 64
187 29
187 170
187 36
187 122
187 70
187 21
187 26
187 41
187 80
187 110
187 28
187 186
187 65
187 190
187 11
187 160
187 8
187 52
187 123
187 183
187 46
187 18
187 146
187 113
187 92
187 177
187 99
187 191
187 108
187 131
187 138
187 111
187 115
187 62
187 144
187 76
187 30
187 127
187 142
187 9
187 124
187 39
187 75
187 71
187 117
187 55
187 116
187 162
187 35
187 133
187 184
187 93
187 23
188 53
188 60
188 65
188 69
188 137
188 116
188 169
188 193
188 12
188 90
188 153
188 146
188 19
188 179
188 164
188 47
188 22
188 151
188 181
188 8
188 139
188 133
188 76
188 158
188 152
188 16
188 34
188 85
188 56
188 173
188 162
188 51
188 39
188 154
188 31
188 191
188 109
188 180
188 147
188 156
188 117
188 52
188 30
188 3
188 80
188 61
188 24
188 18
188 143
189 150
189 49
189 66
189 91
189 38
189 16
189 102
189 14
189 165
189 94
189 107
189 141
189 162
189 176
189 11
189 191
189 84
189 149
189 1
189 184
189 130
189 183
189 93
189 17
189 123
189 152
189 193
189 46
189 166
189 156
189 182
189 6
189 167
189 98
189 181
189 48
189 3
189 28
189 146
189 15
189 81
189 192
189 109
189 140
189 29
189 134
189 45
189 42
189 160
189 97
189 4
189 157
189 10
190 59
190 84
190 119
190 184
190 191
190 37
190 98
190 134
190 15
190 127
190 176
190 141
190 71
190 168
190 67
190 143
190 152
190 29
190 156
190 20
190 114
190 104
190 173
190 74
190 94
190 7
190 111
190 56
190 40
190 189
190 33
190 142
190 88
190 10
190 6
190 63
190 1
190 153
190 146
190 110
190 129
190 22
190 11
190 34
190 124
190 140
190 102
190 42
190 47
190 121
190 169
190 182
190 174
190 197
190 55
190 75
190 35
190 118
190 117
190 167
191 137
191 95
191 148
191 84
191 41
191 175
191 51
191 107
191 80
191 37
191 168
191 66
191 152
191 83
191 112
191 73
191 171
191 184
191 160
191 142
191 136
191 123
191 81
191 134
191 70
191 12
191 79
191 38
191 187
191 167
191 98
191 182
191 111
191 4
191 169
191 68
191 31
191 90
191 119
191 183
191 166
191 78
191 21
191 158
191 8
191 1
191 128
191 197
191 149
191 189
191 146
192 58
192 115
192 10
192 92
192 161
192 61
192 70
192 83
192 62
192 157
192 15
192 34
192 152
192 187
192 91
192 22
192 160
192 172
192 138
192 56
192 135
192 43
192 71
192 121
192 181
192 153
192 184
192 125
192 31
192 119
192 1
192 106
192 82
192 133
192 151
192 67
192 123
192 101
192 154
192 42
192 129
192 132
192 134
192 166
192 77
192 8
192 38
192 54
192 107
192 2
192 176
192 13
192 128
192 44
192 9
192 113
192 27
192 140
192 53
192 191
192 146
192 103
192 87
193 98
193 170
193 182
193 168
193 65
193 75
193 48
193 198
193 66
193 8
193 157
193 122
193 159
193 44
193 161
193 16
193 127
193 79
193 118
193 152
193 18
193 184
193 103
193 15
193 109
193 80
193 176
193 5
193 90
193 128
193 123
193 34
193 71
193 93
193 56
193 114
193 88
193 78
193 132
193 163
193 146
193 151
193 35
193 47
193 181
193 99
193 108
194 41
194 60
194 110
194 85
194 40
194 136
194 26
194 96
194 100
194 133
194 28
194 7
194 27
194 79
194 105
194 22
194 126
194 198
194 25
194 174
194 120
194 155
194 191
194 68
194 75
194 36
194 148
194 83
194 54
194 186
194 197
194 195
194 48
194 173
194 160
194 63
194 129
194 12
194 10
194 137
194 37
194 158
194 109
194 108
194 64
194 118
194 72
194 55
194 115
194 52
194 150
194 156
195 199
195 165
195 164
195 152
195 95
195 117
195 82
195 106
195 130
195 131
195 23
195 26
195 140
195 2
195 19
195 40
195 81
195 136
195 197
195 169
195 22
195 110
195 14
195 77
195 72
195 11
195 186
195 176
195 153
195 24
195 196
195 154
195 139
195 120
195 135
195 163
195 113
195 119
195 177
195 18
195 178
195 78
195 125
196 24
196 121
196 77
196 110
196 146
196 22
196 188
196 4
196 64
196 73
196 91
196 199
196 82
196 33
196 83
196 56
196 115
196 122
196 16
196 84
196 97
196 191
196 87
196 14
196 148
196 107
196 43
196 51
196 159
196 175
196 123
196 21
196 133
196 166
196 127
196 75
197 81
197 124
197 82
197 200
197 15
197 69
197 135
197 127
197 162
197 191
197 169
197 118
197 101
197 68
197 170
197 179
197 147
197 4
197 148
197 89
197 184
197 13
197 106
197 183
197 96
197 65
197 178
197 54
197 158
197 153
197 126
197 48
197 47
197 103
197 110
197 16
197 108
197 98
197 28
197 187
197 192
197 130
197 114
197 172
197 66
197 151
197 171
197 119
197 139
197 64
198 45
198 51
198 90
198 26
198 28
198 4
198 93
198 131
198 167
198 140
198 138
198 77
198 111
198 42
198 166
198 64
198 31
198 154
198 66
198 39
198 194
198 195
198 135
198 55
198 147
198 33
198 61
198 115
198 134
198 53
198 181
198 49
198 46
198 98
198 86
198 91
198 146
198 57
198 88
198 107
198 145
198 122
198 59
198 192
198 82
198 38
198 158
198 136
198 100
199 176
199 17
199 162
199 151
199 39
199 59
199 87
199 80
199 40
199 198
199 146
199 16
199 74
199 30
199 22
199 148
199 92
199 14
199 150
199 19
199 27
199 129
199 114
199 173
199 44
199 21
199 25
199 26
199 58
199 102
199 23
199 157
199 64
199 65
199 9
199 29
199 178
199 112
199 49
199 153
199 182
199 166
199 179
199 35
199 145
199 190
199 194
199 72
199 130
199 4
199 51
199 144
199 6
199 60
199 134
199 45
199 149
199 82
199 20
199 180
199 13
199 164
200 131
200 27
200 185
200 82
200 188
200 30
200 124
200 17
200 61
200 54
200 67
200 129
200 46
200 168
200 49
200 153
200 139
200 10
200 92
200 135
200 154
200 190
200 23
200 33
200 52
200 174
200 150
200 149
200 101
200 14
200 184
200 93
200 180
200 111
200 50
200 99
200 199
200 2
200 167
200 123
200 145
200 165
200 28
200 55
