0: 249 116 942 372 753 297 299 700 
1: 251 776 529 607 553 898 431 850 
2: 533 94 309 238 77 42 441 738 
3: 862 233 823 235 956 260 73 183 999 
4: 111 649 6 281 747 648 635 24 678 
5: 996 679 866 462 131 440 328 16 
6: 180 340 322 12 537 793 759 940 636 
7: 313 676 38 979 672 254 543 981 263 
8: 983 662 731 303 902 616 936 768 298 
9: 452 713 437 457 44 833 29 400 33 
10: 435 995 870 46 966 218 812 565 763 
11: 442 887 634 686 301 326 626 156 307 
12: 468 173 590 666 310 101 199 
13: 532 802 640 701 262 915 223 
14: 513 158 114 755 446 371 557 
15: 707 892 25 296 480 65 989 391 
16: 734 896 345 129 566 613 381 205 234 
17: 710 92 925 647 417 516 138 284 75 
18: 623 837 201 544 716 118 498 
19: 195 950 325 250 642 894 359 
20: 81 106 797 881 705 663 822 339 526 461 
21: 873 266 737 320 960 66 917 596 93 
22: 916 991 882 171 818 692 899 891 
23: 652 36 579 661 727 834 844 510 368 
24: 253 236 904 278 621 67 421 
25: 289 228 764 154 153 103 342 
26: 137 650 168 150 50 318 354 684 187 
27: 490 109 542 108 767 420 806 71 
28: 470 76 176 64 708 669 246 337 
29: 941 483 56 781 507 353 185 229 
30: 959 436 703 355 495 414 496 859 697 
31: 210 37 99 499 411 88 704 921 528 962 
32: 273 561 160 148 638 515 908 172 259 
33: 59 445 165 674 602 321 494 577 169 305 
34: 788 880 241 85 485 97 572 287 430 
35: 775 15 140 630 170 291 265 312 
36: 573 122 949 555 883 96 
37: 688 117 736 274 923 817 144 213 3 
38: 971 726 331 426 389 901 779 338 549 261 
39: 134 525 954 598 48 937 920 212 
40: 605 876 939 804 40 535 139 790 
41: 242 245 409 53 552 302 28 932 714 
42: 973 70 969 477 728 826 132 221 474 
43: 604 268 62 392 255 517 202 
44: 167 888 740 380 479 718 584 
45: 226 151 448 816 853 585 934 215 463 
46: 889 810 567 735 754 505 166 
47: 311 832 142 639 877 11 807 184 846 358 
48: 450 240 486 633 503 946 102 746 
49: 968 985 658 624 488 660 696 
50: 428 657 41 412 694 886 988 80 
51: 527 124 839 285 957 829 385 
52: 593 609 964 819 364 856 220 615 
53: 588 792 667 478 603 458 316 231 
54: 286 267 306 586 203 10 743 2 
55: 709 387 907 531 232 492 410 769 
56: 83 348 671 742 972 534 444 135 
57: 126 98 518 774 351 
58: 115 620 60 750 622 407 43 
59: 293 469 292 346 369 105 836 698 
60: 987 668 382 947 560 439 601 214 845 35 
61: 828 504 324 712 484 858 803 143 
62: 219 521 683 379 84 308 323 580 217 
63: 791 352 893 383 990 909 55 82 
64: 19 628 677 835 522 5 191 395 459 951 
65: 386 141 366 147 594 467 120 868 402 
66: 861 472 656 91 654 758 831 7 
67: 924 257 912 20 752 227 14 434 416 
68: 665 748 373 1 466 554 935 489 976 874 
69: 377 913 610 994 277 58 487 569 
70: 506 87 559 211 295 854 541 
71: 178 911 347 18 396 967 26 715 
72: 319 438 519 644 536 808 751 
73: 699 69 673 813 772 725 52 179 
74: 619 944 375 394 582 717 800 500 
75: 539 789 206 136 74 333 514 482 
76: 49 948 164 188 294 938 730 690 611 
77: 574 443 992 600 563 157 61 530 4 848 
78: 599 475 315 424 865 384 595 336 757 0 
79: 279 824 405 501 784 332 785 
80: 282 509 271 721 538 133 970 30 403 
81: 878 429 762 825 841 867 884 398 641 
82: 175 329 161 207 21 90 
83: 68 192 687 794 629 597 194 693 
84: 146 54 910 680 334 22 376 247 
85: 965 460 524 879 864 177 427 508 95 
86: 449 953 197 931 406 283 900 
87: 512 897 89 918 363 39 928 125 
88: 771 208 493 419 655 23 258 744 243 
89: 922 497 719 454 733 471 447 216 
90: 855 365 558 706 112 805 304 
91: 955 57 27 455 511 890 646 760 
92: 778 770 952 869 843 618 637 847 695 45 
93: 556 290 63 356 225 702 905 711 756 
94: 204 681 651 502 659 670 360 906 766 
95: 780 685 317 691 145 393 587 162 401 
96: 591 272 433 974 545 722 127 
97: 78 998 732 564 107 814 943 675 
98: 632 476 933 562 576 209 720 643 100 
99: 51 357 520 761 119 418 961 914 
100: 288 491 248 256 374 653 222 984 
101: 849 413 840 378 152 47 182 270 17 
102: 230 32 787 425 945 625 820 745 614 422 
103: 741 795 481 300 181 350 276 548 
104: 130 388 729 551 34 121 811 397 765 
105: 123 842 367 857 986 86 239 782 575 
106: 895 408 415 592 872 871 860 978 546 
107: 341 13 186 926 977 815 432 390 547 
108: 163 344 370 456 280 465 198 399 
109: 473 189 627 930 252 885 550 589 903 
110: 975 809 451 838 827 193 128 
111: 200 830 155 749 9 343 568 786 
112: 773 571 224 875 980 523 796 72 104 
113: 79 929 739 275 682 664 723 349 689 
114: 821 578 361 799 190 362 8 244 
115: 423 993 159 540 149 863 927 237 
116: 269 327 174 645 31 612 963 608 
117: 113 958 581 583 798 196 330 570 919 
118: 982 314 783 997 464 404 453 606 
119: 851 335 777 110 852 264 724 617 801 631 
