0: 349 495 373 27 208 183 
1: 334 179 18 337 426 278 323 386 343 
2: 399 0 234 241 39 152 33 
3: 191 132 348 123 205 84 232 
4: 35 155 151 256 258 411 251 401 
5: 223 408 101 170 424 11 362 202 380 431 
6: 459 110 65 414 487 454 
7: 23 79 136 42 233 318 244 
8: 174 382 396 95 304 359 126 274 
9: 368 455 52 434 298 134 282 355 163 
10: 41 421 430 314 81 310 194 363 
11: 391 436 493 6 287 133 384 461 
12: 305 248 350 117 307 104 61 139 498 
13: 329 347 246 290 499 265 293 50 71 
14: 254 212 250 66 438 226 269 422 
15: 371 140 120 56 187 63 496 160 
16: 159 38 285 255 168 44 82 484 
17: 252 404 40 302 357 381 20 442 
18: 328 338 239 166 220 31 196 415 216 325 
19: 374 420 428 339 180 17 471 392 369 
20: 312 131 118 467 243 320 108 
21: 492 266 28 291 162 403 204 70 
22: 397 327 242 447 122 247 297 
23: 213 92 100 171 463 224 315 324 257 
24: 299 491 372 360 483 253 99 47 
25: 107 306 279 412 8 405 
26: 366 326 58 490 413 294 
27: 475 144 418 361 448 333 106 178 
28: 465 292 444 469 351 109 164 437 
29: 481 73 169 102 25 37 225 141 
30: 14 76 229 377 485 91 488 
31: 215 86 286 32 16 288 67 
32: 376 142 24 423 300 452 1 383 
33: 26 393 218 157 342 185 
34: 240 119 308 175 128 130 230 409 
35: 173 124 353 149 15 400 83 364 
36: 456 395 321 54 472 221 9 260 
37: 476 335 439 489 103 466 190 
38: 228 316 34 367 249 186 75 
39: 398 417 198 176 7 237 354 
40: 195 356 12 46 394 51 121 270 
41: 69 210 352 482 125 90 85 
42: 64 2 450 201 177 440 115 55 
43: 425 29 10 148 93 231 
44: 296 181 200 443 206 478 313 276 43 
45: 317 370 441 275 311 474 262 77 165 
46: 4 486 238 236 379 341 
47: 209 435 72 259 88 494 375 280 245 
48: 301 87 211 112 21 477 60 222 
49: 402 153 167 480 30 332 5 346 
50: 387 193 49 57 264 184 111 
51: 80 59 309 114 281 62 
52: 3 283 261 419 199 235 48 432 
53: 458 385 272 113 13 462 345 127 
54: 189 429 273 129 407 45 446 378 150 
55: 410 172 468 451 340 116 479 135 
56: 295 74 406 192 19 145 277 96 182 
57: 389 217 497 97 470 158 22 
58: 143 303 36 219 388 453 156 78 
59: 445 336 98 319 94 390 263 
60: 105 473 330 137 268 188 89 344 464 
61: 416 433 161 146 138 271 331 322 
62: 197 365 427 147 449 267 154 227 
63: 460 289 284 53 358 207 457 203 68 214 
