64
1 10
1 19
1 28
1 37
1 46
1 55
1 64
1 2
1 3
1 4
1 5
1 6
1 7
1 8
1 9
1 17
1 25
1 33
1 41
1 49
1 57
2 11
2 20
2 29
2 38
2 47
2 56
2 9
2 3
2 4
2 5
2 6
2 7
2 8
2 10
2 18
2 26
2 34
2 42
2 50
2 58
2 1
3 12
3 21
3 30
3 39
3 48
3 10
3 17
3 4
3 5
3 6
3 7
3 8
3 11
3 19
3 27
3 35
3 43
3 51
3 59
3 2
3 1
4 13
4 22
4 31
4 40
4 11
4 18
4 25
4 5
4 6
4 7
4 8
4 12
4 20
4 28
4 36
4 44
4 52
4 60
4 3
4 2
4 1
5 14
5 23
5 32
5 12
5 19
5 26
5 33
5 6
5 7
5 8
5 13
5 21
5 29
5 37
5 45
5 53
5 61
5 4
5 3
5 2
5 1
6 15
6 24
6 13
6 20
6 27
6 34
6 41
6 7
6 8
6 14
6 22
6 30
6 38
6 46
6 54
6 62
6 5
6 4
6 3
6 2
6 1
7 16
7 14
7 21
7 28
7 35
7 42
7 49
7 8
7 15
7 23
7 31
7 39
7 47
7 55
7 63
7 6
7 5
7 4
7 3
7 2
7 1
8 15
8 22
8 29
8 36
8 43
8 50
8 57
8 16
8 24
8 32
8 40
8 48
8 56
8 64
8 7
8 6
8 5
8 4
8 3
8 2
8 1
9 18
9 27
9 36
9 45
9 54
9 63
9 10
9 11
9 12
9 13
9 14
9 15
9 16
9 17
9 25
9 33
9 41
9 49
9 57
9 2
9 1
10 19
10 28
10 37
10 46
10 55
10 64
10 17
10 11
10 12
10 13
10 14
10 15
10 16
10 18
10 26
10 34
10 42
10 50
10 58
10 9
10 3
10 2
10 1
11 20
11 29
11 38
11 47
11 56
11 18
11 25
11 12
11 13
11 14
11 15
11 16
11 19
11 27
11 35
11 43
11 51
11 59
11 10
11 9
11 4
11 3
11 2
12 21
12 30
12 39
12 48
12 19
12 26
12 33
12 13
12 14
12 15
12 16
12 20
12 28
12 36
12 44
12 52
12 60
12 11
12 10
12 9
12 5
12 4
12 3
13 22
13 31
13 40
13 20
13 27
13 34
13 41
13 14
13 15
13 16
13 21
13 29
13 37
13 45
13 53
13 61
13 12
13 11
13 10
13 9
13 6
13 5
13 4
14 23
14 32
14 21
14 28
14 35
14 42
14 49
14 15
14 16
14 22
14 30
14 38
14 46
14 54
14 62
14 13
14 12
14 11
14 10
14 9
14 7
14 6
14 5
15 24
15 22
15 29
15 36
15 43
15 50
15 57
15 16
15 23
15 31
15 39
15 47
15 55
15 63
15 14
15 13
15 12
15 11
15 10
15 9
15 8
15 7
15 6
16 23
16 30
16 37
16 44
16 51
16 58
16 24
16 32
16 40
16 48
16 56
16 64
16 15
16 14
16 13
16 12
16 11
16 10
16 9
16 8
16 7
17 26
17 35
17 44
17 53
17 62
17 18
17 19
17 20
17 21
17 22
17 23
17 24
17 25
17 33
17 41
17 49
17 57
17 10
17 9
17 3
17 1
18 27
18 36
18 45
18 54
18 63
18 25
18 19
18 20
18 21
18 22
18 23
18 24
18 26
18 34
18 42
18 50
18 58
18 17
18 11
18 10
18 9
18 4
18 2
19 28
19 37
19 46
19 55
19 64
19 26
19 33
19 20
19 21
19 22
19 23
19 24
19 27
19 35
19 43
19 51
19 59
19 18
19 17
19 12
19 11
19 10
19 5
19 3
19 1
20 29
20 38
20 47
20 56
20 27
20 34
20 41
20 21
20 22
20 23
20 24
20 28
20 36
20 44
20 52
20 60
20 19
20 18
20 17
20 13
20 12
20 11
20 6
20 4
20 2
21 30
21 39
21 48
21 28
21 35
21 42
21 49
21 22
21 23
21 24
21 29
21 37
21 45
21 53
21 61
21 20
21 19
21 18
21 17
21 14
21 13
21 12
21 7
21 5
21 3
22 31
22 40
22 29
22 36
22 43
22 50
22 57
22 23
22 24
22 30
22 38
22 46
22 54
22 62
22 21
22 20
22 19
22 18
22 17
22 15
22 14
22 13
22 8
22 6
22 4
23 32
23 30
23 37
23 44
23 51
23 58
23 24
23 31
23 39
23 47
23 55
23 63
23 22
23 21
23 20
23 19
23 18
23 17
23 16
23 15
23 14
23 7
23 5
24 31
24 38
24 45
24 52
24 59
24 32
24 40
24 48
24 56
24 64
24 23
24 22
24 21
24 20
24 19
24 18
24 17
24 16
24 15
24 8
24 6
25 34
25 43
25 52
25 61
25 26
25 27
25 28
25 29
25 30
25 31
25 32
25 33
25 41
25 49
25 57
25 18
25 17
25 11
25 9
25 4
25 1
26 35
26 44
26 53
26 62
26 33
26 27
26 28
26 29
26 30
26 31
26 32
26 34
26 42
26 50
26 58
26 25
26 19
26 18
26 17
26 12
26 10
26 5
26 2
27 36
27 45
27 54
27 63
27 34
27 41
27 28
27 29
27 30
27 31
27 32
27 35
27 43
27 51
27 59
27 26
27 25
27 20
27 19
27 18
27 13
27 11
27 9
27 6
27 3
28 37
28 46
28 55
28 64
28 35
28 42
28 49
28 29
28 30
28 31
28 32
28 36
28 44
28 52
28 60
28 27
28 26
28 25
28 21
28 20
28 19
28 14
28 12
28 10
28 7
28 4
28 1
29 38
29 47
29 56
29 36
29 43
29 50
29 57
29 30
29 31
29 32
29 37
29 45
29 53
29 61
29 28
29 27
29 26
29 25
29 22
29 21
29 20
29 15
29 13
29 11
29 8
29 5
29 2
30 39
30 48
30 37
30 44
30 51
30 58
30 31
30 32
30 38
30 46
30 54
30 62
30 29
30 28
30 27
30 26
30 25
30 23
30 22
30 21
30 16
30 14
30 12
30 6
30 3
31 40
31 38
31 45
31 52
31 59
31 32
31 39
31 47
31 55
31 63
31 30
31 29
31 28
31 27
31 26
31 25
31 24
31 23
31 22
31 15
31 13
31 7
31 4
32 39
32 46
32 53
32 60
32 40
32 48
32 56
32 64
32 31
32 30
32 29
32 28
32 27
32 26
32 25
32 24
32 23
32 16
32 14
32 8
32 5
33 42
33 51
33 60
33 34
33 35
33 36
33 37
33 38
33 39
33 40
33 41
33 49
33 57
33 26
33 25
33 19
33 17
33 12
33 9
33 5
33 1
34 43
34 52
34 61
34 41
34 35
34 36
34 37
34 38
34 39
34 40
34 42
34 50
34 58
34 33
34 27
34 26
34 25
34 20
34 18
34 13
34 10
34 6
34 2
35 44
35 53
35 62
35 42
35 49
35 36
35 37
35 38
35 39
35 40
35 43
35 51
35 59
35 34
35 33
35 28
35 27
35 26
35 21
35 19
35 17
35 14
35 11
35 7
35 3
36 45
36 54
36 63
36 43
36 50
36 57
36 37
36 38
36 39
36 40
36 44
36 52
36 60
36 35
36 34
36 33
36 29
36 28
36 27
36 22
36 20
36 18
36 15
36 12
36 9
36 8
36 4
37 46
37 55
37 64
37 44
37 51
37 58
37 38
37 39
37 40
37 45
37 53
37 61
37 36
37 35
37 34
37 33
37 30
37 29
37 28
37 23
37 21
37 19
37 16
37 13
37 10
37 5
37 1
38 47
38 56
38 45
38 52
38 59
38 39
38 40
38 46
38 54
38 62
38 37
38 36
38 35
38 34
38 33
38 31
38 30
38 29
38 24
38 22
38 20
38 14
38 11
38 6
38 2
39 48
39 46
39 53
39 60
39 40
39 47
39 55
39 63
39 38
39 37
39 36
39 35
39 34
39 33
39 32
39 31
39 30
39 23
39 21
39 15
39 12
39 7
39 3
40 47
40 54
40 61
40 48
40 56
40 64
40 39
40 38
40 37
40 36
40 35
40 34
40 33
40 32
40 31
40 24
40 22
40 16
40 13
40 8
40 4
41 50
41 59
41 42
41 43
41 44
41 45
41 46
41 47
41 48
41 49
41 57
41 34
41 33
41 27
41 25
41 20
41 17
41 13
41 9
41 6
41 1
42 51
42 60
42 49
42 43
42 44
42 45
42 46
42 47
42 48
42 50
42 58
42 41
42 35
42 34
42 33
42 28
42 26
42 21
42 18
42 14
42 10
42 7
42 2
43 52
43 61
43 50
43 57
43 44
43 45
43 46
43 47
43 48
43 51
43 59
43 42
43 41
43 36
43 35
43 34
43 29
43 27
43 25
43 22
43 19
43 15
43 11
43 8
43 3
44 53
44 62
44 51
44 58
44 45
44 46
44 47
44 48
44 52
44 60
44 43
44 42
44 41
44 37
44 36
44 35
44 30
44 28
44 26
44 23
44 20
44 17
44 16
44 12
44 4
45 54
45 63
45 52
45 59
45 46
45 47
45 48
45 53
45 61
45 44
45 43
45 42
45 41
45 38
45 37
45 36
45 31
45 29
45 27
45 24
45 21
45 18
45 13
45 9
45 5
46 55
46 64
46 53
46 60
46 47
46 48
46 54
46 62
46 45
46 44
46 43
46 42
46 41
46 39
46 38
46 37
46 32
46 30
46 28
46 22
46 19
46 14
46 10
46 6
46 1
47 56
47 54
47 61
47 48
47 55
47 63
47 46
47 45
47 44
47 43
47 42
47 41
47 40
47 39
47 38
47 31
47 29
47 23
47 20
47 15
47 11
47 7
47 2
48 55
48 62
48 56
48 64
48 47
48 46
48 45
48 44
48 43
48 42
48 41
48 40
48 39
48 32
48 30
48 24
48 21
48 16
48 12
48 8
48 3
49 58
49 50
49 51
49 52
49 53
49 54
49 55
49 56
49 57
49 42
49 41
49 35
49 33
49 28
49 25
49 21
49 17
49 14
49 9
49 7
49 1
50 59
50 57
50 51
50 52
50 53
50 54
50 55
50 56
50 58
50 49
50 43
50 42
50 41
50 36
50 34
50 29
50 26
50 22
50 18
50 15
50 10
50 8
50 2
51 60
51 58
51 52
51 53
51 54
51 55
51 56
51 59
51 50
51 49
51 44
51 43
51 42
51 37
51 35
51 33
51 30
51 27
51 23
51 19
51 16
51 11
51 3
52 61
52 59
52 53
52 54
52 55
52 56
52 60
52 51
52 50
52 49
52 45
52 44
52 43
52 38
52 36
52 34
52 31
52 28
52 25
52 24
52 20
52 12
52 4
53 62
53 60
53 54
53 55
53 56
53 61
53 52
53 51
53 50
53 49
53 46
53 45
53 44
53 39
53 37
53 35
53 32
53 29
53 26
53 21
53 17
53 13
53 5
54 63
54 61
54 55
54 56
54 62
54 53
54 52
54 51
54 50
54 49
54 47
54 46
54 45
54 40
54 38
54 36
54 30
54 27
54 22
54 18
54 14
54 9
54 6
55 64
55 62
55 56
55 63
55 54
55 53
55 52
55 51
55 50
55 49
55 48
55 47
55 46
55 39
55 37
55 31
55 28
55 23
55 19
55 15
55 10
55 7
55 1
56 63
56 64
56 55
56 54
56 53
56 52
56 51
56 50
56 49
56 48
56 47
56 40
56 38
56 32
56 29
56 24
56 20
56 16
56 11
56 8
56 2
57 58
57 59
57 60
57 61
57 62
57 63
57 64
57 50
57 49
57 43
57 41
57 36
57 33
57 29
57 25
57 22
57 17
57 15
57 9
57 8
57 1
58 59
58 60
58 61
58 62
58 63
58 64
58 57
58 51
58 50
58 49
58 44
58 42
58 37
58 34
58 30
58 26
58 23
58 18
58 16
58 10
58 2
59 60
59 61
59 62
59 63
59 64
59 58
59 57
59 52
59 51
59 50
59 45
59 43
59 41
59 38
59 35
59 31
59 27
59 24
59 19
59 11
59 3
60 61
60 62
60 63
60 64
60 59
60 58
60 57
60 53
60 52
60 51
60 46
60 44
60 42
60 39
60 36
60 33
60 32
60 28
60 20
60 12
60 4
61 62
61 63
61 64
61 60
61 59
61 58
61 57
61 54
61 53
61 52
61 47
61 45
61 43
61 40
61 37
61 34
61 29
61 25
61 21
61 13
61 5
62 63
62 64
62 61
62 60
62 59
62 58
62 57
62 55
62 54
62 53
62 48
62 46
62 44
62 38
62 35
62 30
62 26
62 22
62 17
62 14
62 6
63 64
63 62
63 61
63 60
63 59
63 58
63 57
63 56
63 55
63 54
63 47
63 45
63 39
63 36
63 31
63 27
63 23
63 18
63 15
63 9
63 7
64 63
64 62
64 61
64 60
64 59
64 58
64 57
64 56
64 55
64 48
64 46
64 40
64 37
64 32
64 28
64 24
64 19
64 16
64 10
64 8
64 1
