0: 33 71 49 3 135 152 14 64 102 108 125 78 158 
1: 58 126 38 21 83 163 144 4 141 67 104 
2: 113 45 13 96 56 159 37 151 142 88 7 119 66 
3: 146 95 44 90 73 28 105 63 156 124 10 
4: 20 26 147 55 131 5 127 50 106 100 84 77 164 
5: 111 82 140 24 157 6 47 29 129 148 74 93 52 
6: 72 109 103 138 42 35 167 117 80 17 149 62 1 
7: 69 15 51 150 110 133 165 118 101 11 
8: 120 97 23 87 116 160 57 65 40 137 154 34 2 
9: 122 46 53 9 132 30 153 91 162 25 68 112 89 
10: 70 41 32 143 134 12 79 16 99 115 61 166 
11: 139 59 86 94 36 123 145 43 18 76 0 
12: 85 136 107 60 22 92 128 31 75 39 168 
13: 130 27 98 155 161 81 19 114 121 54 48 8 
