140
0 1
0 2
0 3
0 4
0 5
0 6
0 10
0 11
0 12
0 13
0 14
0 16
0 17
0 19
0 20
0 21
0 22
0 23
0 24
0 25
0 27
0 28
0 29
0 31
0 33
0 34
0 37
0 38
0 39
0 41
0 42
0 46
0 48
0 49
0 51
0 52
0 54
0 55
0 56
0 57
0 58
0 59
0 60
0 61
0 63
0 66
0 67
0 68
0 70
0 71
0 72
0 73
0 76
0 77
0 78
0 80
0 81
0 82
0 83
0 84
0 85
0 86
0 87
0 89
0 90
0 91
0 93
0 96
0 97
0 98
0 99
0 100
0 101
0 102
0 103
0 104
0 105
0 107
0 110
0 111
0 112
0 113
0 114
0 115
0 116
0 117
0 118
0 119
0 120
0 121
0 122
0 123
0 124
0 125
0 126
0 127
0 128
0 129
0 130
0 133
0 135
0 136
0 137
0 138
0 139
1 2
1 3
1 4
1 8
1 9
1 11
1 12
1 13
1 14
1 15
1 16
1 18
1 19
1 21
1 22
1 25
1 26
1 27
1 28
1 29
1 30
1 31
1 32
1 33
1 35
1 36
1 37
1 38
1 39
1 40
1 41
1 42
1 43
1 45
1 46
1 47
1 48
1 49
1 51
1 53
1 54
1 55
1 56
1 58
1 59
1 61
1 62
1 63
1 64
1 65
1 66
1 67
1 68
1 69
1 70
1 72
1 73
1 74
1 76
1 77
1 78
1 79
1 80
1 81
1 83
1 85
1 86
1 88
1 89
1 90
1 91
1 92
1 93
1 94
1 95
1 96
1 97
1 98
1 99
1 100
1 101
1 103
1 104
1 105
1 106
1 107
1 108
1 109
1 112
1 115
1 116
1 117
1 119
1 120
1 121
1 123
1 124
1 128
1 129
1 130
1 131
1 133
1 134
1 135
1 136
1 138
1 139
2 5
2 6
2 8
2 9
2 10
2 11
2 12
2 14
2 16
2 17
2 18
2 19
2 20
2 23
2 24
2 27
2 29
2 30
2 31
2 32
2 34
2 35
2 36
2 37
2 38
2 39
2 41
2 42
2 43
2 44
2 45
2 46
2 47
2 49
2 51
2 55
2 56
2 57
2 58
2 59
2 61
2 63
2 64
2 65
2 66
2 67
2 68
2 70
2 71
2 73
2 74
2 75
2 78
2 79
2 80
2 81
2 85
2 86
2 88
2 89
2 91
2 93
2 94
2 97
2 98
2 99
2 100
2 101
2 102
2 103
2 104
2 105
2 106
2 107
2 108
2 109
2 110
2 111
2 112
2 113
2 115
2 116
2 117
2 122
2 125
2 126
2 128
2 129
2 131
2 132
2 133
2 135
2 136
2 137
2 138
2 139
3 4
3 5
3 7
3 8
3 10
3 11
3 15
3 16
3 17
3 19
3 22
3 23
3 24
3 25
3 26
3 27
3 29
3 30
3 31
3 32
3 33
3 35
3 36
3 37
3 39
3 40
3 43
3 46
3 47
3 50
3 51
3 53
3 54
3 55
3 56
3 59
3 60
3 61
3 62
3 63
3 64
3 67
3 69
3 70
3 71
3 72
3 73
3 78
3 79
3 81
3 82
3 84
3 86
3 87
3 89
3 90
3 91
3 92
3 96
3 97
3 98
3 100
3 101
3 104
3 105
3 106
3 109
3 110
3 111
3 113
3 114
3 115
3 116
3 117
3 118
3 119
3 120
3 121
3 123
3 125
3 126
3 127
3 128
3 130
3 131
3 132
3 133
3 134
3 135
3 136
3 137
3 138
3 139
4 5
4 7
4 8
4 9
4 10
4 12
4 13
4 14
4 15
4 18
4 19
4 21
4 22
4 23
4 25
4 26
4 27
4 28
4 29
4 30
4 31
4 32
4 33
4 34
4 35
4 36
4 38
4 39
4 40
4 41
4 42
4 43
4 45
4 46
4 47
4 48
4 49
4 51
4 52
4 53
4 54
4 55
4 56
4 57
4 60
4 61
4 62
4 63
4 64
4 66
4 68
4 69
4 71
4 72
4 73
4 74
4 75
4 77
4 78
4 80
4 83
4 84
4 88
4 89
4 90
4 91
4 92
4 93
4 94
4 96
4 101
4 103
4 106
4 108
4 109
4 110
4 111
4 112
4 114
4 115
4 116
4 120
4 121
4 122
4 123
4 124
4 125
4 127
4 128
4 130
4 132
4 133
4 135
4 136
4 138
4 139
5 6
5 7
5 8
5 11
5 12
5 13
5 14
5 15
5 16
5 17
5 18
5 19
5 22
5 25
5 26
5 27
5 28
5 29
5 30
5 31
5 32
5 34
5 35
5 36
5 37
5 38
5 39
5 42
5 44
5 45
5 46
5 47
5 49
5 50
5 54
5 56
5 57
5 59
5 60
5 61
5 64
5 67
5 68
5 70
5 71
5 72
5 73
5 74
5 75
5 76
5 77
5 78
5 79
5 80
5 81
5 82
5 83
5 84
5 85
5 86
5 87
5 88
5 89
5 90
5 94
5 95
5 96
5 97
5 98
5 99
5 101
5 102
5 103
5 105
5 106
5 107
5 108
5 110
5 111
5 112
5 113
5 114
5 115
5 116
5 117
5 118
5 120
5 121
5 122
5 123
5 124
5 125
5 126
5 127
5 128
5 131
5 132
5 133
5 135
5 138
5 139
6 8
6 9
6 10
6 11
6 12
6 14
6 15
6 16
6 17
6 18
6 23
6 24
6 25
6 26
6 27
6 28
6 29
6 30
6 31
6 32
6 33
6 34
6 35
6 36
6 37
6 38
6 40
6 42
6 43
6 44
6 47
6 49
6 52
6 53
6 54
6 55
6 56
6 57
6 60
6 61
6 63
6 64
6 66
6 67
6 70
6 72
6 73
6 74
6 75
6 76
6 77
6 78
6 79
6 80
6 81
6 82
6 84
6 87
6 88
6 89
6 90
6 91
6 92
6 93
6 94
6 95
6 98
6 99
6 100
6 102
6 103
6 105
6 106
6 107
6 108
6 109
6 110
6 111
6 112
6 113
6 114
6 115
6 116
6 117
6 119
6 122
6 125
6 126
6 127
6 129
6 130
6 133
6 135
6 136
6 137
6 138
6 139
7 8
7 9
7 11
7 12
7 13
7 16
7 17
7 20
7 21
7 22
7 23
7 24
7 25
7 27
7 28
7 29
7 30
7 32
7 33
7 34
7 35
7 38
7 40
7 41
7 42
7 44
7 46
7 48
7 49
7 50
7 51
7 52
7 53
7 54
7 56
7 58
7 59
7 60
7 61
7 62
7 63
7 64
7 65
7 66
7 69
7 71
7 72
7 73
7 77
7 78
7 81
7 82
7 83
7 84
7 85
7 86
7 88
7 89
7 90
7 91
7 92
7 93
7 95
7 96
7 98
7 99
7 101
7 102
7 103
7 104
7 105
7 106
7 107
7 108
7 109
7 110
7 111
7 112
7 113
7 115
7 116
7 120
7 121
7 122
7 123
7 124
7 127
7 128
7 129
7 130
7 132
7 134
7 136
7 139
8 9
8 10
8 11
8 12
8 13
8 16
8 17
8 18
8 19
8 21
8 23
8 26
8 27
8 28
8 29
8 30
8 31
8 33
8 34
8 35
8 37
8 38
8 40
8 43
8 44
8 45
8 48
8 50
8 51
8 52
8 53
8 54
8 55
8 56
8 57
8 58
8 59
8 60
8 61
8 62
8 63
8 64
8 65
8 66
8 67
8 68
8 70
8 73
8 74
8 76
8 77
8 78
8 80
8 82
8 83
8 84
8 85
8 86
8 87
8 88
8 89
8 90
8 94
8 96
8 97
8 98
8 99
8 103
8 104
8 106
8 107
8 111
8 112
8 113
8 115
8 116
8 117
8 118
8 119
8 120
8 121
8 122
8 123
8 124
8 125
8 126
8 128
8 129
8 131
8 133
8 134
8 135
8 137
8 138
8 139
9 10
9 11
9 12
9 14
9 15
9 17
9 18
9 19
9 20
9 22
9 23
9 24
9 25
9 27
9 28
9 29
9 30
9 32
9 33
9 34
9 35
9 36
9 37
9 38
9 39
9 40
9 41
9 42
9 44
9 46
9 47
9 49
9 50
9 51
9 53
9 54
9 55
9 56
9 57
9 59
9 61
9 63
9 64
9 65
9 66
9 67
9 68
9 69
9 70
9 71
9 73
9 74
9 77
9 78
9 79
9 80
9 81
9 82
9 83
9 84
9 85
9 86
9 87
9 88
9 89
9 90
9 91
9 93
9 94
9 95
9 96
9 98
9 100
9 103
9 104
9 105
9 106
9 107
9 108
9 112
9 113
9 114
9 115
9 117
9 118
9 119
9 120
9 122
9 123
9 124
9 125
9 126
9 127
9 128
9 129
9 130
9 131
9 132
9 134
9 135
9 136
9 137
9 138
9 139
10 11
10 13
10 14
10 15
10 16
10 20
10 21
10 24
10 25
10 26
10 29
10 31
10 32
10 33
10 35
10 36
10 37
10 38
10 39
10 41
10 42
10 45
10 46
10 48
10 49
10 51
10 52
10 53
10 54
10 56
10 58
10 59
10 60
10 61
10 62
10 64
10 65
10 66
10 67
10 68
10 70
10 71
10 72
10 73
10 76
10 77
10 79
10 80
10 81
10 82
10 83
10 85
10 88
10 89
10 90
10 91
10 92
10 93
10 94
10 95
10 96
10 97
10 100
10 101
10 102
10 106
10 108
10 109
10 111
10 113
10 114
10 115
10 116
10 117
10 118
10 119
10 120
10 121
10 122
10 123
10 125
10 129
10 131
10 132
10 133
10 134
10 135
10 137
10 138
10 139
11 13
11 15
11 17
11 19
11 20
11 21
11 22
11 24
11 25
11 29
11 30
11 33
11 34
11 35
11 36
11 37
11 38
11 40
11 44
11 45
11 46
11 47
11 48
11 49
11 50
11 51
11 53
11 54
11 55
11 56
11 60
11 61
11 63
11 64
11 65
11 66
11 67
11 68
11 69
11 71
11 73
11 77
11 78
11 80
11 81
11 82
11 83
11 85
11 86
11 87
11 88
11 89
11 90
11 92
11 93
11 94
11 95
11 96
11 97
11 98
11 100
11 101
11 102
11 103
11 104
11 105
11 107
11 109
11 110
11 112
11 114
11 115
11 117
11 118
11 119
11 120
11 121
11 122
11 123
11 125
11 127
11 128
11 129
11 130
11 132
11 135
11 136
11 139
12 13
12 14
12 16
12 17
12 18
12 19
12 22
12 25
12 26
12 29
12 31
12 34
12 35
12 36
12 37
12 39
12 40
12 41
12 42
12 43
12 44
12 45
12 46
12 47
12 50
12 53
12 54
12 55
12 59
12 60
12 61
12 62
12 63
12 66
12 67
12 68
12 69
12 70
12 72
12 73
12 74
12 75
12 76
12 77
12 81
12 82
12 84
12 85
12 86
12 87
12 90
12 91
12 92
12 93
12 94
12 96
12 97
12 98
12 99
12 100
12 102
12 103
12 104
12 105
12 106
12 107
12 108
12 109
12 110
12 111
12 112
12 113
12 114
12 116
12 117
12 118
12 119
12 122
12 124
12 126
12 128
12 129
12 130
12 131
12 132
12 133
12 135
12 139
13 15
13 16
13 17
13 18
13 19
13 21
13 23
13 24
13 26
13 27
13 28
13 29
13 30
13 32
13 33
13 34
13 35
13 36
13 37
13 38
13 39
13 40
13 41
13 42
13 43
13 45
13 47
13 49
13 50
13 51
13 53
13 54
13 55
13 56
13 57
13 58
13 60
13 61
13 62
13 63
13 64
13 65
13 66
13 67
13 68
13 69
13 70
13 71
13 72
13 73
13 74
13 75
13 76
13 77
13 78
13 82
13 86
13 88
13 90
13 91
13 92
13 94
13 95
13 96
13 97
13 98
13 99
13 100
13 101
13 102
13 104
13 105
13 107
13 108
13 109
13 111
13 113
13 114
13 117
13 118
13 123
13 124
13 125
13 126
13 129
13 133
13 135
13 136
13 137
13 139
14 16
14 17
14 19
14 21
14 22
14 24
14 25
14 26
14 27
14 29
14 30
14 31
14 32
14 33
14 35
14 38
14 39
14 40
14 41
14 42
14 44
14 45
14 46
14 47
14 48
14 49
14 50
14 51
14 52
14 53
14 54
14 55
14 56
14 59
14 61
14 62
14 63
14 64
14 65
14 66
14 67
14 69
14 70
14 71
14 72
14 73
14 74
14 75
14 76
14 77
14 78
14 79
14 80
14 81
14 84
14 85
14 87
14 89
14 90
14 91
14 92
14 93
14 95
14 98
14 99
14 100
14 101
14 102
14 103
14 104
14 105
14 106
14 107
14 108
14 109
14 110
14 111
14 112
14 115
14 119
14 120
14 121
14 123
14 124
14 130
14 131
14 132
14 133
14 134
14 135
14 136
14 138
14 139
15 16
15 17
15 19
15 20
15 22
15 23
15 24
15 25
15 26
15 27
15 29
15 30
15 31
15 32
15 33
15 35
15 36
15 37
15 40
15 41
15 42
15 43
15 45
15 46
15 47
15 48
15 51
15 52
15 54
15 55
15 56
15 58
15 59
15 60
15 61
15 62
15 64
15 65
15 67
15 71
15 72
15 73
15 74
15 76
15 77
15 78
15 79
15 81
15 83
15 84
15 85
15 86
15 87
15 88
15 89
15 90
15 91
15 92
15 94
15 95
15 97
15 98
15 99
15 100
15 102
15 104
15 105
15 106
15 107
15 109
15 110
15 111
15 112
15 113
15 114
15 115
15 117
15 119
15 122
15 124
15 129
15 132
15 133
15 134
15 135
15 137
15 138
15 139
16 17
16 18
16 19
16 20
16 21
16 22
16 23
16 25
16 26
16 27
16 28
16 29
16 30
16 33
16 35
16 38
16 40
16 41
16 43
16 44
16 45
16 46
16 47
16 50
16 51
16 53
16 54
16 55
16 56
16 57
16 58
16 59
16 62
16 64
16 65
16 66
16 67
16 70
16 72
16 73
16 74
16 76
16 78
16 79
16 80
16 81
16 82
16 84
16 85
16 87
16 88
16 92
16 94
16 96
16 97
16 99
16 101
16 102
16 103
16 104
16 105
16 106
16 107
16 109
16 110
16 112
16 113
16 115
16 116
16 117
16 118
16 119
16 122
16 123
16 124
16 125
16 126
16 128
16 129
16 130
16 131
16 132
16 133
16 134
16 135
16 136
16 138
16 139
17 19
17 20
17 21
17 22
17 23
17 24
17 25
17 26
17 27
17 28
17 29
17 30
17 31
17 33
17 34
17 35
17 36
17 37
17 39
17 40
17 42
17 43
17 47
17 48
17 49
17 52
17 53
17 54
17 56
17 57
17 58
17 59
17 60
17 62
17 63
17 64
17 65
17 66
17 68
17 69
17 71
17 73
17 74
17 76
17 77
17 78
17 79
17 81
17 82
17 83
17 84
17 85
17 86
17 87
17 88
17 90
17 91
17 92
17 93
17 94
17 95
17 97
17 98
17 99
17 100
17 101
17 102
17 103
17 104
17 105
17 107
17 108
17 109
17 111
17 113
17 114
17 115
17 116
17 117
17 118
17 119
17 121
17 122
17 123
17 124
17 126
17 127
17 128
17 129
17 130
17 131
17 132
17 133
17 134
17 135
17 138
17 139
18 20
18 22
18 23
18 24
18 25
18 26
18 27
18 28
18 29
18 30
18 31
18 32
18 33
18 34
18 35
18 37
18 38
18 39
18 40
18 42
18 46
18 47
18 50
18 52
18 53
18 54
18 56
18 57
18 58
18 59
18 61
18 63
18 64
18 65
18 66
18 67
18 68
18 69
18 70
18 71
18 72
18 73
18 74
18 76
18 77
18 78
18 79
18 80
18 81
18 82
18 84
18 85
18 88
18 89
18 90
18 91
18 93
18 94
18 97
18 98
18 99
18 100
18 101
18 102
18 104
18 105
18 106
18 107
18 108
18 109
18 110
18 111
18 112
18 113
18 114
18 115
18 116
18 117
18 118
18 120
18 121
18 122
18 123
18 124
18 125
18 127
18 128
18 129
18 131
18 135
18 136
18 137
19 20
19 22
19 23
19 24
19 26
19 27
19 28
19 29
19 30
19 31
19 32
19 33
19 34
19 36
19 38
19 39
19 40
19 42
19 43
19 44
19 45
19 46
19 48
19 49
19 54
19 55
19 56
19 57
19 59
19 61
19 62
19 64
19 66
19 67
19 68
19 69
19 71
19 75
19 76
19 78
19 81
19 82
19 83
19 84
19 85
19 89
19 90
19 92
19 93
19 94
19 95
19 96
19 97
19 98
19 101
19 102
19 103
19 104
19 106
19 107
19 108
19 111
19 112
19 114
19 115
19 116
19 117
19 119
19 120
19 122
19 123
19 124
19 125
19 126
19 127
19 128
19 129
19 130
19 131
19 132
19 133
19 134
19 136
19 137
19 138
19 139
20 21
20 22
20 24
20 26
20 30
20 31
20 32
20 33
20 34
20 35
20 36
20 37
20 38
20 39
20 41
20 42
20 43
20 44
20 45
20 46
20 47
20 49
20 50
20 52
20 53
20 54
20 57
20 60
20 61
20 62
20 64
20 66
20 67
20 68
20 69
20 70
20 72
20 73
20 74
20 76
20 77
20 80
20 81
20 82
20 83
20 84
20 85
20 86
20 87
20 88
20 89
20 90
20 91
20 92
20 93
20 94
20 95
20 96
20 97
20 98
20 99
20 100
20 101
20 102
20 105
20 106
20 107
20 109
20 110
20 112
20 113
20 114
20 115
20 116
20 117
20 118
20 119
20 121
20 122
20 123
20 125
20 126
20 128
20 129
20 130
20 131
20 132
20 133
20 134
20 135
20 136
20 137
20 138
20 139
21 23
21 24
21 25
21 26
21 27
21 28
21 29
21 30
21 32
21 33
21 35
21 37
21 38
21 39
21 40
21 42
21 45
21 46
21 47
21 49
21 50
21 51
21 52
21 53
21 54
21 55
21 58
21 59
21 60
21 61
21 62
21 63
21 66
21 67
21 69
21 70
21 72
21 73
21 75
21 76
21 77
21 80
21 81
21 83
21 84
21 87
21 89
21 90
21 91
21 92
21 94
21 95
21 96
21 98
21 99
21 100
21 102
21 103
21 104
21 105
21 106
21 107
21 108
21 109
21 110
21 111
21 112
21 113
21 114
21 116
21 117
21 118
21 121
21 124
21 125
21 130
21 131
21 132
21 133
21 137
21 139
22 24
22 25
22 26
22 28
22 29
22 30
22 31
22 32
22 33
22 34
22 35
22 38
22 39
22 41
22 42
22 44
22 45
22 46
22 48
22 49
22 50
22 52
22 53
22 54
22 55
22 56
22 57
22 58
22 60
22 61
22 62
22 63
22 64
22 65
22 67
22 68
22 69
22 72
22 73
22 74
22 75
22 76
22 77
22 78
22 81
22 83
22 84
22 85
22 86
22 87
22 88
22 89
22 90
22 92
22 93
22 94
22 95
22 96
22 97
22 101
22 102
22 105
22 106
22 107
22 108
22 109
22 110
22 111
22 112
22 113
22 114
22 115
22 116
22 119
22 120
22 121
22 122
22 123
22 124
22 126
22 128
22 130
22 131
22 132
22 133
22 134
22 135
22 136
22 139
23 24
23 25
23 26
23 27
23 29
23 30
23 31
23 32
23 33
23 34
23 35
23 36
23 37
23 38
23 39
23 40
23 41
23 43
23 45
23 46
23 48
23 49
23 50
23 51
23 52
23 53
23 54
23 55
23 56
23 57
23 58
23 59
23 60
23 61
23 62
23 63
23 64
23 66
23 67
23 68
23 70
23 72
23 73
23 74
23 75
23 76
23 78
23 81
23 83
23 87
23 88
23 89
23 90
23 91
23 92
23 93
23 94
23 95
23 98
23 100
23 101
23 102
23 103
23 104
23 105
23 106
23 107
23 109
23 110
23 113
23 114
23 115
23 116
23 117
23 118
23 119
23 120
23 121
23 122
23 123
23 125
23 128
23 129
23 130
23 131
23 132
23 133
23 134
23 136
23 137
23 138
23 139
24 25
24 26
24 27
24 28
24 29
24 32
24 35
24 36
24 37
24 38
24 39
24 40
24 42
24 43
24 44
24 45
24 46
24 48
24 49
24 50
24 51
24 52
24 53
24 54
24 55
24 56
24 57
24 58
24 59
24 60
24 62
24 63
24 65
24 66
24 67
24 68
24 70
24 71
24 72
24 73
24 74
24 75
24 76
24 79
24 80
24 81
24 83
24 84
24 85
24 86
24 87
24 89
24 91
24 93
24 94
24 95
24 96
24 97
24 98
24 99
24 102
24 104
24 106
24 107
24 108
24 109
24 110
24 111
24 112
24 113
24 114
24 115
24 116
24 117
24 118
24 119
24 120
24 121
24 122
24 123
24 124
24 125
24 126
24 130
24 131
24 132
24 133
24 135
24 136
24 137
24 138
24 139
25 26
25 27
25 29
25 30
25 31
25 32
25 33
25 35
25 36
25 38
25 39
25 40
25 42
25 43
25 44
25 46
25 48
25 51
25 52
25 54
25 55
25 56
25 57
25 58
25 59
25 63
25 64
25 66
25 68
25 69
25 71
25 72
25 73
25 76
25 77
25 79
25 83
25 84
25 86
25 87
25 88
25 89
25 90
25 91
25 92
25 93
25 94
25 95
25 97
25 98
25 99
25 100
25 103
25 104
25 105
25 106
25 107
25 108
25 110
25 111
25 113
25 114
25 116
25 118
25 120
25 121
25 123
25 124
25 125
25 127
25 128
25 131
25 132
25 133
25 134
25 135
25 136
25 138
26 27
26 28
26 30
26 31
26 32
26 34
26 35
26 36
26 38
26 40
26 41
26 42
26 43
26 44
26 45
26 46
26 47
26 48
26 50
26 51
26 52
26 53
26 54
26 55
26 56
26 57
26 59
26 60
26 61
26 62
26 63
26 64
26 65
26 67
26 68
26 70
26 72
26 73
26 74
26 78
26 79
26 80
26 81
26 83
26 84
26 85
26 86
26 87
26 88
26 89
26 90
26 93
26 95
26 96
26 97
26 98
26 99
26 100
26 101
26 103
26 104
26 105
26 106
26 107
26 108
26 109
26 110
26 111
26 112
26 113
26 114
26 115
26 117
26 119
26 120
26 121
26 123
26 124
26 125
26 126
26 128
26 130
26 131
26 137
26 139
27 30
27 31
27 32
27 33
27 35
27 37
27 39
27 40
27 42
27 43
27 44
27 45
27 46
27 47
27 49
27 51
27 53
27 54
27 55
27 56
27 57
27 58
27 59
27 61
27 63
27 64
27 66
27 67
27 70
27 72
27 74
27 75
27 76
27 77
27 78
27 79
27 80
27 81
27 82
27 83
27 84
27 88
27 90
27 92
27 93
27 94
27 98
27 99
27 100
27 103
27 104
27 106
27 108
27 109
27 111
27 113
27 115
27 116
27 117
27 118
27 119
27 120
27 121
27 122
27 123
27 124
27 125
27 126
27 127
27 128
27 129
27 131
27 132
27 133
27 135
27 136
27 137
27 138
27 139
28 30
28 31
28 32
28 34
28 35
28 36
28 37
28 39
28 40
28 41
28 42
28 44
28 46
28 48
28 49
28 52
28 53
28 54
28 55
28 56
28 57
28 58
28 60
28 61
28 63
28 64
28 66
28 68
28 70
28 71
28 72
28 74
28 75
28 76
28 77
28 78
28 79
28 80
28 81
28 82
28 83
28 84
28 85
28 89
28 90
28 92
28 93
28 94
28 97
28 99
28 100
28 101
28 104
28 105
28 107
28 108
28 109
28 110
28 111
28 112
28 113
28 114
28 115
28 116
28 118
28 119
28 120
28 121
28 122
28 124
28 125
28 127
28 128
28 132
28 133
28 134
28 135
28 136
28 137
28 138
28 139
29 31
29 32
29 33
29 34
29 35
29 36
29 38
29 40
29 41
29 43
29 46
29 48
29 49
29 51
29 52
29 53
29 54
29 55
29 56
29 57
29 59
29 60
29 61
29 62
29 63
29 64
29 65
29 66
29 67
29 68
29 69
29 70
29 71
29 73
29 75
29 76
29 77
29 78
29 79
29 80
29 81
29 83
29 84
29 85
29 86
29 87
29 88
29 90
29 91
29 93
29 94
29 96
29 98
29 99
29 103
29 104
29 106
29 107
29 108
29 109
29 115
29 116
29 117
29 118
29 119
29 120
29 122
29 123
29 124
29 125
29 126
29 127
29 128
29 129
29 130
29 131
29 132
29 133
29 135
29 136
29 138
29 139
30 31
30 32
30 33
30 34
30 35
30 36
30 37
30 38
30 40
30 41
30 42
30 45
30 47
30 48
30 49
30 50
30 51
30 53
30 54
30 55
30 56
30 57
30 58
30 59
30 60
30 61
30 62
30 63
30 64
30 66
30 67
30 68
30 70
30 71
30 72
30 73
30 74
30 75
30 76
30 77
30 79
30 80
30 81
30 83
30 84
30 85
30 87
30 88
30 89
30 90
30 91
30 92
30 93
30 94
30 95
30 96
30 99
30 100
30 101
30 102
30 103
30 104
30 105
30 107
30 108
30 109
30 110
30 111
30 112
30 115
30 116
30 117
30 119
30 120
30 121
30 122
30 123
30 125
30 128
30 131
30 132
30 133
30 134
30 135
30 136
30 137
30 139
31 32
31 34
31 36
31 37
31 38
31 40
31 41
31 42
31 43
31 44
31 45
31 46
31 48
31 49
31 50
31 51
31 53
31 56
31 57
31 58
31 60
31 61
31 63
31 64
31 65
31 66
31 67
31 68
31 69
31 70
31 72
31 73
31 74
31 75
31 76
31 78
31 82
31 84
31 87
31 88
31 89
31 90
31 91
31 92
31 93
31 95
31 96
31 97
31 98
31 101
31 103
31 104
31 105
31 107
31 109
31 110
31 113
31 114
31 115
31 117
31 118
31 120
31 121
31 122
31 123
31 125
31 126
31 127
31 128
31 129
31 130
31 131
31 133
31 134
31 135
31 136
31 138
31 139
32 33
32 34
32 35
32 36
32 38
32 39
32 43
32 46
32 47
32 48
32 49
32 50
32 51
32 52
32 55
32 57
32 58
32 59
32 62
32 63
32 65
32 66
32 68
32 69
32 71
32 72
32 73
32 76
32 77
32 79
32 82
32 84
32 85
32 86
32 87
32 88
32 89
32 90
32 93
32 95
32 96
32 97
32 98
32 99
32 100
32 101
32 102
32 104
32 105
32 106
32 107
32 108
32 109
32 110
32 111
32 112
32 113
32 114
32 115
32 117
32 118
32 119
32 120
32 121
32 123
32 124
32 125
32 126
32 127
32 129
32 130
32 132
32 134
32 135
32 136
32 137
32 138
32 139
33 34
33 36
33 37
33 38
33 39
33 40
33 41
33 43
33 46
33 49
33 50
33 51
33 53
33 55
33 56
33 57
33 60
33 61
33 62
33 63
33 64
33 65
33 66
33 69
33 70
33 71
33 72
33 74
33 75
33 76
33 77
33 78
33 79
33 80
33 81
33 82
33 85
33 87
33 88
33 89
33 90
33 91
33 92
33 93
33 94
33 95
33 96
33 98
33 100
33 101
33 102
33 105
33 106
33 107
33 112
33 113
33 114
33 116
33 117
33 119
33 120
33 123
33 128
33 130
33 131
33 132
33 133
33 134
33 135
33 136
33 137
34 36
34 37
34 38
34 39
34 40
34 41
34 44
34 48
34 50
34 51
34 52
34 54
34 55
34 56
34 58
34 59
34 61
34 64
34 65
34 66
34 69
34 70
34 71
34 72
34 74
34 75
34 76
34 77
34 78
34 79
34 80
34 81
34 82
34 84
34 85
34 87
34 88
34 89
34 92
34 93
34 94
34 95
34 97
34 98
34 100
34 101
34 102
34 105
34 107
34 108
34 111
34 112
34 113
34 115
34 116
34 117
34 118
34 119
34 120
34 121
34 124
34 125
34 127
34 129
34 130
34 131
34 132
34 135
34 136
34 137
35 36
35 37
35 38
35 39
35 40
35 41
35 42
35 43
35 44
35 47
35 48
35 49
35 50
35 51
35 52
35 54
35 55
35 56
35 57
35 58
35 59
35 61
35 62
35 63
35 64
35 65
35 66
35 68
35 71
35 72
35 73
35 74
35 76
35 79
35 82
35 83
35 85
35 87
35 88
35 89
35 91
35 93
35 94
35 95
35 96
35 97
35 98
35 99
35 100
35 102
35 103
35 105
35 106
35 109
35 110
35 111
35 112
35 113
35 114
35 118
35 119
35 121
35 122
35 123
35 126
35 128
35 130
35 133
35 134
35 135
35 136
35 138
35 139
36 37
36 38
36 39
36 40
36 41
36 44
36 45
36 46
36 48
36 49
36 50
36 51
36 52
36 53
36 54
36 55
36 56
36 58
36 59
36 61
36 62
36 63
36 64
36 66
36 67
36 68
36 69
36 70
36 71
36 73
36 75
36 76
36 77
36 78
36 79
36 81
36 84
36 85
36 86
36 88
36 89
36 90
36 91
36 92
36 93
36 94
36 95
36 96
36 97
36 98
36 99
36 101
36 102
36 104
36 105
36 106
36 107
36 109
36 110
36 112
36 113
36 114
36 116
36 118
36 119
36 120
36 121
36 122
36 123
36 124
36 125
36 126
36 127
36 128
36 129
36 130
36 131
36 132
36 133
36 134
36 136
36 137
36 138
36 139
37 38
37 40
37 41
37 42
37 43
37 44
37 45
37 46
37 47
37 48
37 49
37 50
37 51
37 52
37 53
37 54
37 56
37 57
37 58
37 60
37 62
37 63
37 64
37 65
37 67
37 68
37 72
37 75
37 76
37 77
37 78
37 81
37 82
37 83
37 84
37 85
37 86
37 87
37 88
37 89
37 90
37 91
37 92
37 93
37 94
37 95
37 96
37 97
37 99
37 100
37 104
37 106
37 107
37 108
37 109
37 110
37 111
37 112
37 113
37 114
37 115
37 118
37 119
37 120
37 121
37 122
37 123
37 124
37 125
37 128
37 129
37 131
37 133
37 134
37 135
37 136
37 137
37 138
37 139
38 39
38 40
38 41
38 42
38 43
38 44
38 45
38 47
38 49
38 50
38 52
38 53
38 54
38 56
38 59
38 60
38 61
38 62
38 64
38 67
38 69
38 70
38 71
38 72
38 74
38 75
38 76
38 78
38 80
38 81
38 84
38 85
38 86
38 87
38 88
38 89
38 90
38 91
38 92
38 93
38 94
38 97
38 98
38 99
38 100
38 101
38 102
38 103
38 105
38 107
38 108
38 110
38 111
38 113
38 116
38 117
38 119
38 122
38 123
38 124
38 125
38 126
38 128
38 130
38 131
38 132
38 133
38 135
38 136
38 138
39 41
39 42
39 43
39 45
39 46
39 49
39 50
39 51
39 53
39 54
39 56
39 58
39 59
39 60
39 61
39 62
39 63
39 64
39 65
39 66
39 67
39 68
39 70
39 71
39 72
39 73
39 74
39 75
39 76
39 77
39 78
39 79
39 82
39 83
39 84
39 85
39 86
39 87
39 89
39 90
39 91
39 93
39 95
39 96
39 98
39 100
39 101
39 102
39 103
39 104
39 106
39 107
39 108
39 109
39 110
39 111
39 112
39 115
39 116
39 118
39 119
39 120
39 121
39 124
39 125
39 126
39 128
39 130
39 131
39 132
39 133
39 134
39 135
39 136
39 138
40 41
40 42
40 43
40 45
40 47
40 49
40 50
40 52
40 53
40 54
40 55
40 56
40 57
40 59
40 60
40 61
40 63
40 64
40 65
40 66
40 68
40 70
40 71
40 73
40 74
40 75
40 76
40 78
40 79
40 80
40 83
40 84
40 85
40 86
40 87
40 90
40 91
40 93
40 94
40 95
40 96
40 97
40 98
40 99
40 101
40 102
40 103
40 104
40 105
40 107
40 108
40 109
40 111
40 112
40 114
40 115
40 116
40 117
40 119
40 121
40 122
40 123
40 124
40 125
40 127
40 129
40 130
40 131
40 132
40 134
40 136
40 137
40 138
40 139
41 42
41 47
41 49
41 51
41 52
41 53
41 54
41 55
41 58
41 59
41 60
41 61
41 62
41 63
41 64
41 67
41 70
41 71
41 73
41 74
41 75
41 76
41 77
41 79
41 81
41 82
41 83
41 84
41 85
41 86
41 87
41 88
41 92
41 93
41 96
41 97
41 98
41 99
41 100
41 101
41 102
41 103
41 104
41 105
41 106
41 108
41 110
41 111
41 112
41 113
41 114
41 115
41 116
41 117
41 118
41 120
41 121
41 124
41 125
41 126
41 127
41 128
41 129
41 130
41 131
41 132
41 133
41 134
41 135
41 137
41 139
42 44
42 46
42 47
42 48
42 49
42 50
42 52
42 53
42 54
42 55
42 56
42 59
42 60
42 61
42 62
42 63
42 65
42 66
42 67
42 69
42 71
42 72
42 74
42 75
42 76
42 78
42 79
42 80
42 81
42 82
42 83
42 84
42 85
42 86
42 87
42 88
42 92
42 93
42 94
42 97
42 98
42 99
42 100
42 101
42 102
42 103
42 104
42 105
42 106
42 107
42 109
42 111
42 112
42 113
42 114
42 115
42 116
42 118
42 119
42 121
42 123
42 124
42 125
42 127
42 128
42 129
42 130
42 131
42 132
42 133
42 135
42 136
42 137
42 139
43 44
43 45
43 46
43 47
43 48
43 49
43 50
43 53
43 54
43 55
43 56
43 57
43 58
43 59
43 60
43 63
43 64
43 65
43 68
43 71
43 72
43 73
43 74
43 75
43 76
43 77
43 79
43 81
43 83
43 84
43 85
43 86
43 88
43 90
43 91
43 92
43 93
43 94
43 96
43 97
43 98
43 99
43 100
43 102
43 103
43 104
43 107
43 108
43 109
43 110
43 111
43 112
43 113
43 114
43 116
43 117
43 118
43 119
43 120
43 121
43 122
43 123
43 124
43 126
43 127
43 128
43 129
43 131
43 132
43 135
43 136
43 137
43 138
43 139
44 45
44 46
44 47
44 48
44 50
44 51
44 52
44 54
44 55
44 56
44 58
44 61
44 62
44 63
44 64
44 65
44 66
44 69
44 70
44 71
44 72
44 73
44 74
44 75
44 76
44 77
44 79
44 81
44 82
44 83
44 86
44 87
44 88
44 89
44 90
44 92
44 93
44 95
44 96
44 97
44 98
44 99
44 100
44 101
44 103
44 104
44 105
44 106
44 108
44 109
44 110
44 111
44 112
44 113
44 114
44 115
44 116
44 117
44 118
44 120
44 122
44 124
44 126
44 127
44 128
44 129
44 130
44 131
44 134
44 136
44 137
44 138
44 139
45 46
45 47
45 48
45 49
45 50
45 52
45 53
45 55
45 56
45 58
45 59
45 63
45 64
45 65
45 66
45 67
45 68
45 69
45 71
45 72
45 75
45 76
45 77
45 78
45 81
45 82
45 83
45 84
45 86
45 87
45 88
45 90
45 91
45 92
45 93
45 94
45 95
45 96
45 97
45 98
45 99
45 100
45 103
45 106
45 108
45 112
45 115
45 116
45 117
45 120
45 121
45 122
45 123
45 124
45 125
45 126
45 127
45 128
45 129
45 130
45 131
45 136
45 137
45 138
45 139
46 47
46 49
46 50
46 52
46 53
46 54
46 55
46 57
46 58
46 59
46 60
46 62
46 63
46 64
46 67
46 68
46 69
46 70
46 72
46 73
46 74
46 75
46 76
46 77
46 78
46 79
46 81
46 82
46 84
46 86
46 87
46 89
46 90
46 91
46 92
46 96
46 97
46 99
46 100
46 102
46 103
46 104
46 105
46 106
46 107
46 108
46 111
46 112
46 114
46 115
46 117
46 118
46 121
46 122
46 123
46 124
46 126
46 128
46 129
46 130
46 131
46 132
46 133
46 135
46 136
46 137
46 138
47 50
47 51
47 52
47 53
47 54
47 55
47 56
47 57
47 58
47 60
47 62
47 63
47 64
47 65
47 66
47 67
47 70
47 71
47 73
47 75
47 76
47 78
47 79
47 81
47 82
47 83
47 84
47 86
47 88
47 91
47 92
47 97
47 98
47 99
47 100
47 101
47 102
47 103
47 105
47 106
47 107
47 108
47 109
47 110
47 111
47 112
47 113
47 114
47 115
47 117
47 118
47 119
47 120
47 122
47 123
47 124
47 125
47 126
47 128
47 129
47 130
47 134
47 136
47 137
47 138
47 139
48 49
48 50
48 51
48 52
48 54
48 55
48 57
48 58
48 59
48 60
48 62
48 63
48 64
48 65
48 66
48 67
48 68
48 69
48 71
48 72
48 74
48 75
48 77
48 78
48 81
48 82
48 85
48 87
48 88
48 90
48 91
48 92
48 93
48 94
48 95
48 96
48 97
48 98
48 99
48 100
48 103
48 104
48 105
48 106
48 107
48 109
48 110
48 111
48 112
48 113
48 114
48 116
48 117
48 118
48 119
48 121
48 122
48 123
48 125
48 126
48 128
48 129
48 131
48 133
48 135
48 136
48 137
48 138
49 51
49 52
49 53
49 55
49 56
49 57
49 58
49 59
49 60
49 61
49 62
49 63
49 64
49 66
49 67
49 68
49 69
49 70
49 72
49 73
49 74
49 79
49 81
49 82
49 84
49 85
49 86
49 87
49 90
49 91
49 92
49 93
49 95
49 96
49 97
49 98
49 99
49 101
49 102
49 103
49 104
49 105
49 106
49 107
49 109
49 110
49 111
49 112
49 113
49 115
49 117
49 118
49 120
49 121
49 122
49 123
49 124
49 126
49 127
49 128
49 129
49 131
49 133
49 134
49 135
49 139
50 52
50 54
50 55
50 57
50 58
50 59
50 61
50 62
50 63
50 64
50 65
50 66
50 67
50 69
50 70
50 71
50 72
50 73
50 74
50 75
50 76
50 77
50 78
50 79
50 80
50 81
50 82
50 83
50 85
50 87
50 88
50 90
50 91
50 92
50 93
50 95
50 96
50 97
50 99
50 100
50 101
50 102
50 103
50 104
50 105
50 106
50 107
50 109
50 110
50 111
50 113
50 114
50 116
50 118
50 119
50 120
50 121
50 122
50 123
50 124
50 125
50 126
50 127
50 128
50 129
50 131
50 132
50 133
50 134
50 135
50 136
50 137
50 138
51 52
51 53
51 54
51 55
51 56
51 57
51 60
51 61
51 62
51 63
51 64
51 65
51 66
51 67
51 69
51 70
51 71
51 73
51 74
51 76
51 77
51 79
51 80
51 81
51 84
51 85
51 87
51 88
51 89
51 90
51 91
51 93
51 95
51 96
51 97
51 99
51 101
51 103
51 104
51 106
51 107
51 108
51 109
51 110
51 111
51 112
51 113
51 114
51 117
51 118
51 119
51 120
51 121
51 122
51 124
51 125
51 126
51 127
51 129
51 130
51 131
51 133
51 134
51 135
51 136
51 137
51 139
52 53
52 54
52 55
52 58
52 59
52 60
52 61
52 62
52 63
52 65
52 66
52 67
52 69
52 70
52 71
52 72
52 74
52 75
52 76
52 77
52 78
52 79
52 80
52 83
52 84
52 85
52 86
52 88
52 89
52 90
52 91
52 94
52 96
52 98
52 99
52 100
52 101
52 102
52 103
52 104
52 105
52 106
52 107
52 108
52 112
52 113
52 114
52 120
52 121
52 124
52 125
52 126
52 127
52 128
52 129
52 132
52 133
52 135
52 136
52 138
52 139
53 54
53 56
53 57
53 59
53 60
53 61
53 64
53 65
53 66
53 67
53 71
53 72
53 75
53 76
53 77
53 78
53 79
53 81
53 82
53 83
53 84
53 86
53 87
53 89
53 90
53 92
53 93
53 94
53 95
53 96
53 98
53 101
53 102
53 103
53 104
53 105
53 108
53 109
53 110
53 112
53 113
53 115
53 116
53 117
53 119
53 120
53 121
53 122
53 123
53 124
53 125
53 126
53 127
53 128
53 129
53 130
53 131
53 133
53 134
53 135
53 136
53 137
53 138
53 139
54 55
54 56
54 58
54 59
54 60
54 61
54 62
54 64
54 65
54 66
54 67
54 68
54 69
54 70
54 71
54 72
54 75
54 76
54 77
54 78
54 79
54 80
54 81
54 82
54 83
54 85
54 86
54 87
54 89
54 90
54 92
54 93
54 95
54 96
54 97
54 98
54 99
54 100
54 101
54 104
54 105
54 108
54 109
54 110
54 111
54 112
54 113
54 114
54 115
54 116
54 117
54 118
54 119
54 120
54 122
54 123
54 127
54 128
54 129
54 130
54 131
54 133
54 134
54 135
54 137
55 56
55 57
55 58
55 59
55 63
55 64
55 65
55 66
55 67
55 68
55 69
55 72
55 73
55 74
55 75
55 76
55 77
55 80
55 81
55 83
55 86
55 88
55 89
55 90
55 92
55 93
55 95
55 96
55 97
55 100
55 101
55 102
55 103
55 104
55 105
55 106
55 108
55 111
55 113
55 114
55 115
55 116
55 117
55 118
55 119
55 120
55 121
55 122
55 123
55 124
55 125
55 126
55 127
55 132
55 136
55 137
55 138
55 139
56 57
56 58
56 59
56 60
56 61
56 62
56 63
56 64
56 65
56 66
56 67
56 68
56 69
56 71
56 72
56 74
56 75
56 76
56 78
56 80
56 81
56 82
56 83
56 84
56 86
56 87
56 89
56 90
56 91
56 93
56 94
56 95
56 96
56 97
56 98
56 99
56 102
56 104
56 106
56 107
56 109
56 110
56 111
56 112
56 113
56 114
56 115
56 117
56 119
56 120
56 121
56 122
56 123
56 124
56 126
56 127
56 128
56 129
56 130
56 131
56 132
56 133
56 134
56 135
56 137
56 138
57 58
57 59
57 60
57 63
57 64
57 65
57 66
57 67
57 69
57 71
57 72
57 73
57 74
57 75
57 76
57 78
57 79
57 80
57 81
57 84
57 85
57 86
57 88
57 89
57 90
57 91
57 93
57 94
57 95
57 96
57 97
57 98
57 99
57 100
57 101
57 102
57 103
57 104
57 105
57 106
57 107
57 108
57 109
57 112
57 113
57 114
57 115
57 116
57 117
57 119
57 121
57 122
57 123
57 125
57 126
57 127
57 128
57 131
57 133
57 134
57 135
57 136
58 59
58 60
58 61
58 62
58 63
58 67
58 68
58 69
58 70
58 73
58 74
58 75
58 76
58 77
58 78
58 79
58 80
58 82
58 83
58 84
58 86
58 87
58 89
58 90
58 91
58 94
58 96
58 98
58 99
58 101
58 103
58 106
58 107
58 111
58 112
58 113
58 114
58 115
58 116
58 117
58 118
58 119
58 120
58 121
58 123
58 124
58 126
58 127
58 128
58 129
58 130
58 131
58 132
58 133
58 134
58 135
58 136
58 139
59 60
59 62
59 64
59 66
59 67
59 68
59 69
59 70
59 71
59 72
59 75
59 76
59 78
59 79
59 80
59 81
59 82
59 84
59 85
59 86
59 87
59 89
59 90
59 91
59 92
59 94
59 95
59 96
59 97
59 98
59 99
59 100
59 102
59 103
59 105
59 106
59 107
59 112
59 113
59 114
59 117
59 118
59 119
59 120
59 125
59 126
59 127
59 128
59 130
59 132
59 133
59 134
59 136
59 137
59 138
59 139
60 61
60 62
60 63
60 65
60 66
60 67
60 68
60 71
60 72
60 74
60 75
60 76
60 77
60 78
60 79
60 80
60 81
60 82
60 83
60 84
60 85
60 86
60 88
60 89
60 90
60 91
60 92
60 93
60 94
60 95
60 96
60 98
60 99
60 100
60 101
60 102
60 103
60 104
60 105
60 106
60 107
60 109
60 110
60 111
60 113
60 115
60 116
60 117
60 118
60 119
60 120
60 121
60 122
60 124
60 125
60 128
60 130
60 132
60 135
60 137
60 138
60 139
61 62
61 63
61 64
61 65
61 66
61 67
61 69
61 71
61 72
61 73
61 74
61 75
61 78
61 79
61 80
61 82
61 84
61 86
61 87
61 88
61 89
61 90
61 91
61 92
61 94
61 96
61 97
61 98
61 100
61 102
61 103
61 104
61 105
61 106
61 107
61 108
61 109
61 111
61 112
61 113
61 114
61 115
61 116
61 117
61 119
61 120
61 122
61 123
61 124
61 125
61 126
61 127
61 128
61 129
61 131
61 132
61 133
61 137
61 138
61 139
62 63
62 64
62 65
62 66
62 67
62 68
62 71
62 72
62 73
62 74
62 75
62 76
62 77
62 78
62 79
62 80
62 81
62 82
62 83
62 84
62 85
62 86
62 87
62 88
62 89
62 90
62 91
62 94
62 97
62 98
62 99
62 100
62 101
62 102
62 103
62 104
62 105
62 106
62 107
62 108
62 109
62 110
62 112
62 114
62 115
62 116
62 117
62 118
62 119
62 124
62 125
62 126
62 128
62 129
62 130
62 131
62 132
62 133
62 135
62 136
63 64
63 65
63 66
63 67
63 68
63 69
63 70
63 72
63 73
63 74
63 75
63 76
63 78
63 79
63 80
63 81
63 82
63 83
63 84
63 85
63 86
63 87
63 88
63 89
63 90
63 93
63 94
63 95
63 96
63 97
63 100
63 101
63 103
63 104
63 105
63 107
63 108
63 109
63 110
63 111
63 112
63 113
63 115
63 119
63 123
63 124
63 125
63 126
63 127
63 131
63 132
63 134
63 136
63 138
63 139
64 66
64 67
64 68
64 69
64 72
64 73
64 74
64 75
64 76
64 77
64 78
64 79
64 80
64 82
64 84
64 85
64 87
64 89
64 90
64 92
64 94
64 95
64 96
64 97
64 98
64 99
64 103
64 104
64 105
64 106
64 108
64 109
64 110
64 112
64 113
64 115
64 116
64 117
64 118
64 119
64 120
64 121
64 125
64 126
64 127
64 128
64 129
64 130
64 131
64 132
64 133
64 134
64 135
64 137
64 138
64 139
65 66
65 67
65 68
65 69
65 70
65 71
65 72
65 73
65 74
65 76
65 77
65 78
65 79
65 81
65 82
65 83
65 84
65 86
65 87
65 88
65 89
65 90
65 91
65 92
65 94
65 95
65 96
65 99
65 100
65 101
65 102
65 103
65 104
65 105
65 107
65 109
65 110
65 111
65 112
65 113
65 114
65 115
65 116
65 117
65 118
65 119
65 120
65 122
65 123
65 124
65 126
65 127
65 128
65 129
65 130
65 132
65 133
65 134
65 135
65 136
65 137
65 139
66 67
66 68
66 70
66 71
66 72
66 75
66 76
66 77
66 78
66 80
66 81
66 84
66 85
66 86
66 87
66 88
66 89
66 91
66 94
66 95
66 97
66 98
66 99
66 100
66 101
66 103
66 105
66 109
66 110
66 111
66 112
66 113
66 114
66 115
66 116
66 117
66 118
66 119
66 120
66 122
66 124
66 125
66 126
66 127
66 130
66 131
66 133
66 134
66 135
66 136
66 137
66 139
67 69
67 70
67 71
67 72
67 73
67 75
67 77
67 79
67 80
67 81
67 83
67 86
67 87
67 89
67 90
67 91
67 92
67 93
67 94
67 95
67 96
67 98
67 99
67 101
67 104
67 105
67 106
67 107
67 108
67 109
67 110
67 111
67 113
67 114
67 115
67 116
67 117
67 118
67 119
67 121
67 122
67 124
67 125
67 126
67 127
67 128
67 131
67 132
67 133
67 134
67 135
67 136
67 139
68 69
68 70
68 72
68 74
68 75
68 76
68 77
68 79
68 80
68 82
68 83
68 84
68 85
68 86
68 87
68 89
68 90
68 93
68 94
68 95
68 96
68 97
68 98
68 99
68 100
68 101
68 104
68 107
68 108
68 109
68 111
68 113
68 114
68 115
68 116
68 117
68 118
68 119
68 120
68 121
68 122
68 123
68 124
68 125
68 128
68 129
68 130
68 131
68 132
68 133
68 138
68 139
69 70
69 72
69 74
69 75
69 76
69 78
69 79
69 80
69 81
69 83
69 84
69 85
69 86
69 87
69 88
69 89
69 94
69 95
69 96
69 97
69 98
69 100
69 101
69 102
69 103
69 104
69 105
69 106
69 107
69 108
69 111
69 112
69 113
69 114
69 115
69 116
69 117
69 119
69 120
69 121
69 122
69 123
69 125
69 126
69 127
69 128
69 130
69 131
69 132
69 133
69 134
69 137
69 138
69 139
70 73
70 74
70 76
70 78
70 79
70 80
70 81
70 82
70 83
70 84
70 85
70 86
70 91
70 92
70 93
70 94
70 97
70 99
70 100
70 101
70 103
70 104
70 105
70 106
70 108
70 109
70 111
70 113
70 115
70 117
70 120
70 121
70 122
70 123
70 124
70 126
70 127
70 128
70 129
70 130
70 132
70 133
70 134
70 135
70 137
70 138
71 72
71 73
71 75
71 76
71 77
71 78
71 79
71 80
71 81
71 82
71 83
71 84
71 85
71 87
71 88
71 89
71 90
71 91
71 92
71 93
71 96
71 97
71 98
71 99
71 100
71 101
71 103
71 104
71 105
71 106
71 109
71 110
71 112
71 113
71 114
71 115
71 116
71 117
71 118
71 119
71 120
71 121
71 122
71 123
71 126
71 127
71 128
71 129
71 130
71 131
71 132
71 133
71 134
71 135
71 136
71 137
71 138
71 139
72 73
72 75
72 76
72 77
72 78
72 81
72 83
72 84
72 86
72 87
72 89
72 91
72 93
72 94
72 95
72 96
72 99
72 100
72 101
72 103
72 104
72 106
72 107
72 108
72 109
72 111
72 115
72 116
72 117
72 118
72 119
72 120
72 122
72 123
72 124
72 125
72 126
72 127
72 128
72 129
72 130
72 131
72 132
72 133
72 134
72 137
73 74
73 76
73 77
73 78
73 79
73 80
73 81
73 82
73 83
73 84
73 85
73 86
73 88
73 89
73 90
73 91
73 92
73 94
73 95
73 96
73 97
73 99
73 100
73 101
73 103
73 104
73 106
73 108
73 109
73 110
73 111
73 112
73 114
73 115
73 116
73 117
73 118
73 119
73 120
73 121
73 122
73 123
73 124
73 125
73 126
73 128
73 129
73 130
73 131
73 132
73 134
73 135
73 138
73 139
74 75
74 78
74 79
74 80
74 81
74 82
74 83
74 84
74 86
74 88
74 90
74 91
74 93
74 94
74 96
74 97
74 98
74 99
74 102
74 104
74 106
74 108
74 109
74 110
74 111
74 112
74 113
74 114
74 115
74 116
74 118
74 119
74 120
74 121
74 125
74 126
74 127
74 129
74 131
74 135
74 137
74 139
75 76
75 78
75 79
75 83
75 84
75 87
75 88
75 90
75 91
75 92
75 94
75 95
75 96
75 97
75 98
75 99
75 100
75 102
75 103
75 105
75 106
75 107
75 108
75 109
75 110
75 111
75 112
75 113
75 115
75 118
75 119
75 120
75 121
75 123
75 124
75 125
75 126
75 127
75 128
75 129
75 130
75 131
75 133
75 134
75 135
75 137
75 138
75 139
76 77
76 78
76 79
76 80
76 81
76 82
76 84
76 85
76 86
76 87
76 89
76 90
76 91
76 93
76 95
76 96
76 98
76 100
76 101
76 102
76 103
76 104
76 106
76 107
76 108
76 112
76 114
76 115
76 116
76 117
76 118
76 119
76 121
76 122
76 123
76 125
76 126
76 127
76 128
76 129
76 130
76 134
76 135
76 136
76 138
77 80
77 81
77 82
77 83
77 84
77 85
77 86
77 88
77 89
77 90
77 91
77 92
77 93
77 95
77 96
77 97
77 99
77 100
77 101
77 102
77 103
77 104
77 107
77 108
77 109
77 110
77 112
77 113
77 114
77 115
77 116
77 117
77 118
77 120
77 122
77 123
77 124
77 127
77 129
77 131
77 132
77 134
77 135
77 137
77 138
78 79
78 83
78 84
78 86
78 87
78 89
78 90
78 91
78 92
78 94
78 96
78 97
78 98
78 99
78 101
78 102
78 103
78 106
78 107
78 109
78 110
78 111
78 112
78 113
78 114
78 115
78 117
78 118
78 119
78 120
78 121
78 122
78 124
78 125
78 126
78 127
78 128
78 131
78 132
78 133
78 135
78 136
78 138
78 139
79 80
79 81
79 84
79 88
79 90
79 93
79 94
79 95
79 96
79 97
79 98
79 99
79 100
79 101
79 102
79 103
79 104
79 106
79 107
79 108
79 109
79 110
79 113
79 116
79 118
79 120
79 121
79 122
79 123
79 125
79 127
79 129
79 130
79 131
79 132
79 133
79 134
79 137
79 138
79 139
80 81
80 82
80 83
80 84
80 86
80 88
80 89
80 90
80 91
80 92
80 93
80 94
80 95
80 96
80 98
80 99
80 100
80 101
80 102
80 104
80 105
80 106
80 107
80 108
80 109
80 110
80 111
80 112
80 113
80 114
80 115
80 116
80 117
80 119
80 120
80 121
80 122
80 123
80 124
80 125
80 126
80 127
80 128
80 129
80 130
80 131
80 132
80 133
80 134
80 135
80 137
80 139
81 82
81 83
81 84
81 85
81 87
81 88
81 89
81 90
81 91
81 92
81 93
81 94
81 95
81 96
81 97
81 99
81 100
81 101
81 103
81 104
81 105
81 106
81 107
81 112
81 114
81 115
81 116
81 117
81 118
81 119
81 120
81 121
81 122
81 123
81 124
81 125
81 126
81 128
81 130
81 131
81 132
81 133
81 135
81 136
81 137
81 138
81 139
82 83
82 84
82 85
82 86
82 87
82 88
82 89
82 92
82 93
82 94
82 96
82 97
82 98
82 99
82 100
82 101
82 102
82 103
82 104
82 105
82 106
82 107
82 108
82 109
82 110
82 111
82 112
82 113
82 116
82 117
82 123
82 127
82 128
82 129
82 130
82 131
82 132
82 135
82 137
82 138
82 139
83 84
83 86
83 87
83 88
83 89
83 90
83 91
83 94
83 97
83 99
83 101
83 103
83 104
83 105
83 106
83 107
83 108
83 109
83 110
83 111
83 112
83 115
83 116
83 117
83 118
83 119
83 120
83 121
83 122
83 124
83 125
83 126
83 129
83 130
83 132
83 133
83 134
83 136
83 137
83 138
83 139
84 86
84 87
84 89
84 90
84 91
84 93
84 94
84 95
84 96
84 97
84 98
84 99
84 100
84 104
84 105
84 106
84 109
84 110
84 111
84 112
84 113
84 114
84 115
84 117
84 118
84 121
84 123
84 126
84 129
84 130
84 132
84 133
84 134
84 135
84 138
85 86
85 87
85 89
85 90
85 93
85 94
85 95
85 96
85 97
85 98
85 99
85 100
85 101
85 103
85 104
85 105
85 106
85 107
85 108
85 109
85 110
85 111
85 113
85 114
85 115
85 116
85 117
85 118
85 119
85 120
85 121
85 122
85 123
85 124
85 125
85 127
85 128
85 129
85 130
85 132
85 134
85 135
85 136
85 137
85 138
85 139
86 88
86 90
86 91
86 92
86 93
86 95
86 96
86 98
86 99
86 102
86 103
86 105
86 106
86 108
86 110
86 111
86 112
86 113
86 114
86 115
86 116
86 118
86 119
86 122
86 124
86 128
86 130
86 132
86 134
86 135
86 136
86 137
86 138
86 139
87 88
87 89
87 93
87 96
87 97
87 98
87 100
87 101
87 103
87 104
87 108
87 110
87 111
87 112
87 113
87 115
87 116
87 117
87 118
87 119
87 120
87 122
87 123
87 124
87 125
87 126
87 127
87 128
87 129
87 130
87 131
87 132
87 133
87 134
87 136
87 137
88 90
88 91
88 92
88 93
88 94
88 96
88 97
88 98
88 99
88 100
88 101
88 102
88 103
88 104
88 105
88 106
88 108
88 110
88 112
88 114
88 116
88 118
88 119
88 120
88 122
88 123
88 124
88 125
88 126
88 127
88 129
88 131
88 132
88 133
88 135
88 136
88 137
88 139
89 90
89 91
89 92
89 93
89 95
89 97
89 98
89 99
89 100
89 102
89 104
89 105
89 106
89 107
89 108
89 109
89 111
89 112
89 114
89 115
89 117
89 119
89 120
89 121
89 122
89 123
89 124
89 125
89 126
89 127
89 128
89 129
89 130
89 132
89 133
89 134
89 135
89 136
89 137
89 138
89 139
90 91
90 92
90 93
90 94
90 95
90 96
90 97
90 98
90 102
90 103
90 104
90 105
90 106
90 107
90 108
90 109
90 110
90 111
90 112
90 113
90 114
90 115
90 118
90 119
90 121
90 122
90 124
90 125
90 126
90 127
90 128
90 129
90 130
90 131
90 132
90 133
90 134
90 135
90 136
90 137
90 138
90 139
91 92
91 96
91 98
91 100
91 101
91 102
91 104
91 105
91 107
91 108
91 113
91 114
91 116
91 117
91 118
91 120
91 121
91 122
91 123
91 124
91 125
91 126
91 127
91 128
91 129
91 130
91 132
91 133
91 134
91 137
91 138
91 139
92 94
92 95
92 96
92 98
92 99
92 101
92 103
92 105
92 107
92 108
92 109
92 110
92 111
92 112
92 116
92 117
92 118
92 119
92 120
92 121
92 124
92 125
92 126
92 127
92 128
92 129
92 130
92 131
92 132
92 133
92 134
92 135
92 137
92 138
92 139
93 95
93 97
93 98
93 99
93 100
93 102
93 103
93 104
93 105
93 107
93 108
93 109
93 110
93 111
93 113
93 118
93 119
93 120
93 121
93 122
93 124
93 125
93 127
93 129
93 130
93 131
93 133
93 134
93 139
94 95
94 96
94 98
94 100
94 101
94 102
94 103
94 106
94 107
94 108
94 110
94 111
94 112
94 114
94 115
94 116
94 117
94 119
94 120
94 121
94 122
94 124
94 125
94 126
94 128
94 129
94 130
94 131
94 132
94 133
94 134
94 135
94 136
94 138
94 139
95 97
95 98
95 100
95 101
95 102
95 103
95 104
95 106
95 108
95 110
95 111
95 112
95 113
95 114
95 115
95 116
95 117
95 118
95 119
95 120
95 121
95 122
95 124
95 125
95 128
95 129
95 130
95 132
95 133
95 135
95 136
95 137
95 138
95 139
96 97
96 99
96 100
96 102
96 103
96 104
96 105
96 109
96 110
96 111
96 112
96 113
96 114
96 115
96 116
96 117
96 119
96 121
96 123
96 124
96 125
96 127
96 128
96 129
96 130
96 131
96 132
96 134
96 135
96 136
96 137
96 139
97 98
97 100
97 101
97 102
97 103
97 105
97 106
97 107
97 109
97 110
97 111
97 112
97 113
97 114
97 117
97 118
97 119
97 120
97 122
97 124
97 126
97 127
97 129
97 130
97 131
97 132
97 134
97 135
97 136
97 137
97 138
97 139
98 99
98 100
98 101
98 102
98 103
98 105
98 106
98 107
98 108
98 109
98 110
98 113
98 114
98 116
98 117
98 118
98 119
98 122
98 123
98 124
98 125
98 126
98 127
98 129
98 130
98 131
98 132
98 133
98 134
98 135
98 136
98 138
99 100
99 101
99 102
99 103
99 104
99 105
99 106
99 107
99 108
99 109
99 110
99 112
99 113
99 114
99 115
99 117
99 118
99 119
99 120
99 122
99 123
99 124
99 125
99 126
99 127
99 128
99 129
99 130
99 132
99 133
99 134
99 135
99 139
100 101
100 103
100 104
100 105
100 106
100 107
100 108
100 111
100 114
100 115
100 116
100 117
100 118
100 119
100 120
100 121
100 122
100 123
100 124
100 126
100 127
100 128
100 129
100 130
100 131
100 132
100 134
100 135
100 138
100 139
101 102
101 103
101 104
101 105
101 106
101 107
101 108
101 109
101 110
101 111
101 112
101 114
101 116
101 117
101 118
101 121
101 123
101 124
101 125
101 126
101 127
101 128
101 129
101 130
101 131
101 133
101 134
101 136
101 137
102 104
102 105
102 106
102 107
102 108
102 109
102 110
102 111
102 113
102 117
102 118
102 119
102 120
102 121
102 122
102 123
102 125
102 126
102 127
102 128
102 129
102 130
102 131
102 134
102 135
102 136
102 138
103 105
103 106
103 108
103 110
103 113
103 114
103 115
103 116
103 117
103 119
103 120
103 123
103 124
103 125
103 126
103 127
103 128
103 129
103 130
103 132
103 133
103 134
103 135
103 136
103 138
104 106
104 107
104 109
104 111
104 112
104 115
104 116
104 118
104 119
104 120
104 122
104 123
104 124
104 125
104 126
104 127
104 128
104 129
104 130
104 131
104 132
104 133
104 134
104 135
104 136
104 137
104 139
105 106
105 108
105 109
105 110
105 111
105 112
105 113
105 114
105 116
105 117
105 119
105 120
105 121
105 122
105 123
105 124
105 125
105 126
105 127
105 128
105 129
105 130
105 131
105 133
105 134
105 135
105 136
105 138
105 139
106 107
106 109
106 112
106 113
106 114
106 115
106 116
106 118
106 119
106 120
106 121
106 122
106 124
106 125
106 126
106 127
106 128
106 129
106 130
106 131
106 132
106 133
106 134
106 136
106 138
107 109
107 110
107 111
107 112
107 113
107 114
107 115
107 116
107 117
107 118
107 120
107 121
107 122
107 124
107 126
107 127
107 129
107 130
107 132
107 133
107 134
107 135
107 137
107 138
108 109
108 111
108 112
108 115
108 116
108 117
108 119
108 120
108 121
108 123
108 124
108 126
108 127
108 128
108 129
108 130
108 132
108 133
108 134
108 135
108 136
108 137
108 138
108 139
109 110
109 112
109 113
109 114
109 117
109 118
109 120
109 123
109 124
109 128
109 129
109 130
109 132
109 133
109 134
109 137
109 138
109 139
110 111
110 112
110 113
110 114
110 115
110 116
110 117
110 118
110 120
110 121
110 122
110 123
110 124
110 127
110 129
110 130
110 131
110 132
110 133
110 135
110 136
111 112
111 113
111 114
111 115
111 116
111 117
111 119
111 120
111 121
111 122
111 123
111 124
111 125
111 127
111 128
111 129
111 130
111 131
111 132
111 133
111 134
111 135
111 136
111 137
111 138
111 139
112 113
112 114
112 115
112 118
112 120
112 121
112 122
112 124
112 125
112 126
112 127
112 130
112 131
112 132
112 134
112 135
112 136
112 137
112 138
113 114
113 115
113 116
113 117
113 118
113 119
113 120
113 121
113 123
113 124
113 125
113 126
113 127
113 128
113 129
113 130
113 131
113 132
113 133
113 135
113 136
113 137
113 138
113 139
114 117
114 119
114 120
114 122
114 124
114 126
114 127
114 128
114 129
114 130
114 131
114 132
114 134
114 135
114 136
114 137
114 138
114 139
115 116
115 117
115 120
115 121
115 123
115 124
115 125
115 127
115 128
115 129
115 131
115 132
115 133
115 134
115 135
115 136
115 137
116 117
116 118
116 119
116 120
116 121
116 123
116 124
116 125
116 126
116 127
116 128
116 130
116 131
116 132
116 133
116 135
116 137
116 138
116 139
117 118
117 119
117 120
117 121
117 122
117 123
117 125
117 126
117 127
117 129
117 130
117 131
117 132
117 133
117 134
117 135
117 136
117 137
117 138
118 119
118 120
118 124
118 125
118 126
118 127
118 128
118 129
118 130
118 131
118 133
118 136
118 137
118 138
118 139
119 120
119 122
119 123
119 124
119 125
119 128
119 129
119 130
119 131
119 133
119 134
119 137
119 138
119 139
120 121
120 123
120 125
120 126
120 130
120 131
120 133
120 134
120 135
120 136
120 137
120 138
120 139
121 123
121 124
121 125
121 126
121 130
121 132
121 133
121 134
121 135
121 136
121 137
121 138
121 139
122 123
122 124
122 126
122 128
122 129
122 130
122 131
122 132
122 133
122 134
122 137
122 138
122 139
123 124
123 125
123 127
123 128
123 129
123 130
123 131
123 132
123 133
123 134
123 135
123 136
123 137
123 138
123 139
124 125
124 126
124 127
124 128
124 129
124 131
124 132
124 133
124 134
124 135
124 136
124 138
124 139
125 126
125 127
125 130
125 131
125 132
125 134
125 135
125 136
125 137
125 138
126 127
126 131
126 133
126 135
126 136
126 137
126 138
127 128
127 129
127 132
127 133
127 134
127 135
127 136
127 137
127 138
127 139
128 129
128 130
128 131
128 133
128 134
128 135
128 138
128 139
129 131
129 132
129 133
129 134
129 136
130 131
130 133
130 134
130 135
130 136
130 138
130 139
131 132
131 134
131 135
131 136
131 137
131 139
132 133
132 134
132 135
132 137
132 138
132 139
133 134
133 135
133 136
133 137
133 138
133 139
134 136
134 137
134 138
134 139
135 136
135 137
135 138
135 139
136 137
136 138
137 138
138 139
