175
0 1
0 2
0 3
0 4
0 6
0 8
0 9
0 10
0 13
0 15
0 16
0 17
0 18
0 19
0 20
0 21
0 22
0 23
0 24
0 25
0 26
0 27
0 30
0 32
0 33
0 35
0 36
0 37
0 38
0 39
0 43
0 45
0 48
0 49
0 50
0 51
0 52
0 55
0 56
0 57
0 58
0 59
0 60
0 61
0 62
0 63
0 64
0 65
0 69
0 70
0 72
0 74
0 75
0 76
0 77
0 79
0 80
0 81
0 82
0 83
0 84
0 85
0 87
0 88
0 89
0 91
0 92
0 93
0 94
0 95
0 96
0 97
0 98
0 99
0 100
0 102
0 104
0 106
0 107
0 108
0 109
0 110
0 111
0 112
0 114
0 117
0 119
0 120
0 121
0 122
0 123
0 124
0 125
0 126
0 128
0 130
0 131
0 132
0 133
0 134
0 135
0 137
0 138
0 139
0 140
0 141
0 142
0 143
0 144
0 145
0 146
0 147
0 148
0 149
0 150
0 151
0 152
0 153
0 154
0 155
0 156
0 158
0 159
0 162
0 163
0 164
0 165
0 168
0 170
0 171
0 172
0 173
0 174
1 2
1 3
1 4
1 6
1 8
1 9
1 10
1 11
1 12
1 13
1 14
1 16
1 17
1 18
1 19
1 21
1 22
1 23
1 24
1 25
1 26
1 27
1 28
1 31
1 32
1 33
1 36
1 37
1 38
1 39
1 40
1 41
1 42
1 43
1 44
1 46
1 48
1 49
1 51
1 52
1 53
1 54
1 55
1 56
1 57
1 58
1 60
1 61
1 62
1 63
1 64
1 66
1 67
1 69
1 70
1 71
1 72
1 74
1 76
1 78
1 81
1 83
1 84
1 85
1 86
1 87
1 88
1 89
1 91
1 93
1 94
1 95
1 96
1 98
1 99
1 101
1 102
1 103
1 104
1 106
1 107
1 108
1 109
1 110
1 112
1 113
1 114
1 115
1 117
1 118
1 119
1 122
1 123
1 124
1 127
1 129
1 131
1 132
1 134
1 135
1 137
1 139
1 141
1 142
1 143
1 144
1 146
1 147
1 148
1 149
1 150
1 152
1 154
1 155
1 156
1 157
1 158
1 159
1 160
1 161
1 162
1 163
1 164
1 166
1 168
1 169
1 170
1 173
1 174
2 3
2 4
2 5
2 6
2 7
2 8
2 9
2 10
2 11
2 12
2 13
2 14
2 15
2 16
2 17
2 18
2 19
2 20
2 23
2 25
2 26
2 27
2 28
2 29
2 31
2 32
2 33
2 34
2 35
2 36
2 37
2 38
2 39
2 40
2 41
2 42
2 43
2 44
2 45
2 46
2 47
2 48
2 49
2 50
2 51
2 55
2 57
2 58
2 59
2 61
2 62
2 63
2 64
2 65
2 66
2 67
2 68
2 69
2 70
2 71
2 73
2 74
2 75
2 77
2 78
2 80
2 81
2 82
2 83
2 84
2 86
2 89
2 91
2 92
2 93
2 94
2 95
2 97
2 98
2 99
2 100
2 101
2 102
2 104
2 105
2 106
2 108
2 109
2 110
2 111
2 112
2 113
2 117
2 118
2 119
2 120
2 121
2 122
2 123
2 124
2 125
2 126
2 128
2 131
2 132
2 134
2 135
2 136
2 137
2 138
2 139
2 140
2 141
2 142
2 143
2 145
2 147
2 149
2 152
2 153
2 154
2 156
2 157
2 158
2 159
2 160
2 161
2 162
2 164
2 165
2 166
2 167
2 169
2 171
2 172
2 174
3 4
3 5
3 6
3 7
3 8
3 9
3 11
3 17
3 18
3 19
3 20
3 21
3 22
3 23
3 24
3 25
3 27
3 28
3 29
3 30
3 31
3 32
3 33
3 34
3 35
3 38
3 39
3 40
3 41
3 42
3 45
3 46
3 47
3 48
3 49
3 50
3 52
3 53
3 55
3 57
3 58
3 59
3 61
3 62
3 63
3 67
3 68
3 69
3 71
3 72
3 73
3 74
3 75
3 76
3 77
3 80
3 81
3 82
3 83
3 84
3 86
3 87
3 89
3 91
3 94
3 95
3 96
3 97
3 98
3 99
3 100
3 102
3 105
3 106
3 107
3 108
3 109
3 112
3 113
3 114
3 115
3 116
3 117
3 118
3 121
3 122
3 124
3 125
3 127
3 128
3 129
3 130
3 131
3 132
3 133
3 134
3 135
3 136
3 137
3 139
3 140
3 141
3 142
3 143
3 144
3 145
3 146
3 148
3 149
3 152
3 153
3 154
3 155
3 156
3 157
3 159
3 160
3 161
3 162
3 163
3 164
3 165
3 167
3 169
3 170
3 172
3 173
3 174
4 6
4 7
4 8
4 9
4 10
4 11
4 12
4 13
4 15
4 17
4 18
4 19
4 20
4 21
4 24
4 25
4 26
4 27
4 31
4 32
4 33
4 34
4 35
4 36
4 38
4 40
4 41
4 42
4 43
4 44
4 45
4 46
4 47
4 48
4 51
4 52
4 53
4 54
4 55
4 59
4 62
4 63
4 64
4 66
4 67
4 68
4 70
4 73
4 74
4 75
4 77
4 78
4 79
4 82
4 83
4 84
4 85
4 86
4 87
4 88
4 89
4 90
4 91
4 93
4 95
4 96
4 97
4 98
4 99
4 100
4 101
4 102
4 103
4 105
4 106
4 107
4 108
4 109
4 110
4 112
4 113
4 114
4 115
4 116
4 117
4 118
4 120
4 122
4 123
4 125
4 126
4 127
4 128
4 129
4 130
4 131
4 132
4 133
4 135
4 136
4 137
4 139
4 141
4 143
4 144
4 145
4 146
4 147
4 150
4 151
4 154
4 155
4 156
4 157
4 158
4 161
4 162
4 164
4 165
4 168
4 170
4 171
4 172
4 173
4 174
5 7
5 8
5 9
5 10
5 11
5 12
5 13
5 14
5 15
5 16
5 17
5 18
5 19
5 20
5 21
5 22
5 23
5 24
5 25
5 26
5 27
5 28
5 29
5 30
5 31
5 32
5 33
5 35
5 37
5 38
5 39
5 40
5 41
5 44
5 45
5 46
5 47
5 48
5 49
5 50
5 51
5 53
5 54
5 55
5 56
5 57
5 58
5 59
5 60
5 61
5 62
5 63
5 64
5 65
5 70
5 71
5 72
5 73
5 74
5 75
5 76
5 77
5 79
5 80
5 81
5 84
5 85
5 86
5 87
5 88
5 90
5 91
5 92
5 93
5 94
5 98
5 99
5 101
5 103
5 104
5 105
5 107
5 108
5 109
5 110
5 112
5 114
5 115
5 116
5 117
5 118
5 119
5 120
5 121
5 122
5 125
5 126
5 127
5 129
5 130
5 131
5 132
5 133
5 134
5 135
5 136
5 138
5 139
5 140
5 141
5 142
5 143
5 144
5 145
5 146
5 147
5 149
5 151
5 152
5 153
5 155
5 156
5 158
5 159
5 160
5 161
5 163
5 165
5 166
5 167
5 168
5 169
5 171
5 172
5 173
6 7
6 10
6 11
6 13
6 16
6 17
6 18
6 19
6 20
6 21
6 22
6 23
6 24
6 25
6 26
6 27
6 28
6 29
6 31
6 32
6 33
6 34
6 35
6 37
6 39
6 41
6 43
6 46
6 47
6 48
6 50
6 51
6 52
6 53
6 54
6 55
6 56
6 57
6 58
6 59
6 60
6 61
6 62
6 63
6 64
6 65
6 66
6 72
6 73
6 74
6 75
6 76
6 77
6 78
6 79
6 80
6 81
6 82
6 83
6 84
6 87
6 88
6 89
6 90
6 91
6 92
6 93
6 94
6 95
6 96
6 97
6 98
6 99
6 100
6 102
6 103
6 104
6 105
6 107
6 108
6 110
6 112
6 114
6 115
6 116
6 117
6 119
6 120
6 121
6 123
6 124
6 125
6 126
6 127
6 128
6 129
6 132
6 133
6 134
6 136
6 137
6 138
6 139
6 140
6 142
6 143
6 145
6 146
6 148
6 149
6 150
6 151
6 152
6 153
6 155
6 156
6 157
6 158
6 159
6 161
6 162
6 163
6 164
6 167
6 169
6 170
6 171
6 172
6 173
6 174
7 8
7 9
7 11
7 12
7 13
7 14
7 15
7 16
7 17
7 18
7 19
7 20
7 22
7 23
7 24
7 26
7 28
7 29
7 30
7 31
7 33
7 34
7 35
7 36
7 37
7 39
7 40
7 41
7 42
7 43
7 47
7 48
7 50
7 53
7 56
7 57
7 58
7 59
7 61
7 62
7 63
7 64
7 66
7 67
7 68
7 69
7 70
7 71
7 72
7 73
7 74
7 76
7 77
7 78
7 80
7 81
7 82
7 84
7 86
7 87
7 88
7 89
7 91
7 93
7 94
7 95
7 97
7 98
7 100
7 101
7 102
7 103
7 104
7 106
7 107
7 109
7 110
7 111
7 112
7 114
7 115
7 116
7 117
7 118
7 119
7 120
7 121
7 122
7 123
7 124
7 126
7 127
7 128
7 129
7 130
7 133
7 135
7 136
7 138
7 139
7 140
7 143
7 144
7 146
7 147
7 148
7 149
7 150
7 152
7 153
7 154
7 155
7 156
7 157
7 159
7 160
7 162
7 165
7 168
7 169
7 170
7 172
7 174
8 9
8 10
8 14
8 16
8 17
8 18
8 20
8 21
8 22
8 23
8 24
8 25
8 26
8 27
8 29
8 31
8 32
8 33
8 38
8 39
8 40
8 41
8 42
8 43
8 44
8 45
8 46
8 47
8 48
8 49
8 50
8 52
8 53
8 54
8 55
8 56
8 58
8 59
8 60
8 61
8 63
8 65
8 66
8 67
8 68
8 69
8 70
8 71
8 73
8 74
8 75
8 77
8 78
8 79
8 80
8 81
8 82
8 83
8 84
8 85
8 87
8 90
8 91
8 92
8 94
8 95
8 98
8 99
8 101
8 102
8 103
8 104
8 105
8 106
8 107
8 108
8 110
8 111
8 112
8 113
8 114
8 116
8 117
8 118
8 119
8 120
8 121
8 122
8 123
8 126
8 127
8 130
8 132
8 133
8 134
8 136
8 137
8 139
8 141
8 142
8 143
8 144
8 145
8 146
8 147
8 148
8 149
8 150
8 151
8 152
8 153
8 154
8 155
8 156
8 157
8 158
8 159
8 160
8 162
8 163
8 164
8 166
8 167
8 168
8 169
8 172
8 173
8 174
9 10
9 11
9 12
9 13
9 15
9 17
9 18
9 19
9 21
9 22
9 23
9 24
9 25
9 26
9 27
9 28
9 29
9 30
9 32
9 33
9 34
9 35
9 36
9 39
9 40
9 41
9 42
9 43
9 44
9 45
9 46
9 47
9 48
9 49
9 50
9 53
9 54
9 55
9 57
9 60
9 62
9 63
9 64
9 65
9 66
9 68
9 69
9 70
9 71
9 72
9 73
9 74
9 75
9 76
9 77
9 78
9 79
9 80
9 82
9 83
9 84
9 86
9 87
9 88
9 89
9 90
9 92
9 93
9 94
9 97
9 98
9 99
9 102
9 104
9 106
9 107
9 108
9 109
9 110
9 112
9 113
9 114
9 115
9 116
9 117
9 118
9 120
9 121
9 122
9 123
9 124
9 125
9 127
9 128
9 129
9 131
9 132
9 133
9 134
9 135
9 138
9 139
9 140
9 141
9 142
9 143
9 144
9 145
9 146
9 147
9 148
9 150
9 151
9 152
9 153
9 154
9 155
9 156
9 157
9 158
9 159
9 160
9 161
9 162
9 163
9 165
9 166
9 167
9 168
9 169
9 170
9 171
9 172
9 173
9 174
10 11
10 13
10 16
10 17
10 18
10 20
10 21
10 22
10 23
10 24
10 25
10 26
10 29
10 30
10 31
10 32
10 33
10 34
10 35
10 37
10 39
10 40
10 41
10 42
10 45
10 46
10 48
10 50
10 51
10 52
10 53
10 54
10 56
10 57
10 58
10 59
10 60
10 61
10 62
10 63
10 64
10 66
10 67
10 68
10 69
10 70
10 73
10 74
10 75
10 76
10 77
10 78
10 81
10 82
10 83
10 85
10 87
10 88
10 89
10 91
10 93
10 94
10 95
10 96
10 97
10 98
10 99
10 100
10 102
10 103
10 104
10 105
10 106
10 107
10 108
10 109
10 110
10 111
10 112
10 113
10 114
10 116
10 117
10 120
10 121
10 122
10 123
10 124
10 125
10 129
10 130
10 131
10 132
10 133
10 134
10 136
10 138
10 139
10 141
10 143
10 144
10 145
10 146
10 147
10 148
10 149
10 150
10 151
10 152
10 154
10 155
10 156
10 157
10 158
10 159
10 160
10 161
10 162
10 163
10 164
10 165
10 166
10 169
10 170
10 172
10 173
10 174
11 12
11 13
11 14
11 16
11 17
11 20
11 21
11 22
11 23
11 24
11 25
11 26
11 27
11 28
11 30
11 31
11 32
11 33
11 34
11 35
11 36
11 37
11 39
11 40
11 41
11 44
11 47
11 48
11 49
11 50
11 52
11 54
11 55
11 56
11 58
11 60
11 61
11 62
11 63
11 64
11 65
11 68
11 69
11 70
11 72
11 74
11 75
11 76
11 77
11 78
11 79
11 81
11 82
11 83
11 84
11 85
11 86
11 87
11 90
11 92
11 94
11 95
11 97
11 98
11 100
11 102
11 103
11 104
11 105
11 107
11 111
11 112
11 113
11 114
11 116
11 119
11 121
11 122
11 124
11 125
11 126
11 127
11 128
11 130
11 131
11 132
11 133
11 135
11 137
11 138
11 139
11 141
11 144
11 145
11 146
11 147
11 148
11 149
11 150
11 151
11 152
11 153
11 154
11 155
11 156
11 159
11 160
11 161
11 163
11 164
11 165
11 166
11 167
11 168
11 169
11 171
11 172
11 173
11 174
12 14
12 16
12 17
12 18
12 19
12 20
12 21
12 22
12 24
12 25
12 27
12 28
12 30
12 31
12 32
12 33
12 36
12 37
12 38
12 39
12 41
12 42
12 43
12 44
12 46
12 49
12 50
12 51
12 52
12 55
12 56
12 57
12 58
12 59
12 60
12 61
12 62
12 63
12 65
12 66
12 67
12 68
12 69
12 71
12 72
12 73
12 74
12 75
12 76
12 77
12 78
12 79
12 80
12 82
12 83
12 84
12 85
12 86
12 87
12 88
12 90
12 91
12 92
12 93
12 94
12 95
12 96
12 97
12 98
12 99
12 100
12 101
12 103
12 104
12 106
12 107
12 108
12 109
12 110
12 111
12 112
12 113
12 114
12 116
12 118
12 119
12 120
12 123
12 125
12 127
12 128
12 129
12 130
12 131
12 132
12 133
12 134
12 135
12 136
12 137
12 139
12 141
12 143
12 145
12 146
12 148
12 153
12 154
12 155
12 156
12 157
12 158
12 159
12 160
12 161
12 163
12 164
12 165
12 166
12 167
12 168
12 170
12 172
12 173
13 15
13 16
13 17
13 18
13 20
13 21
13 22
13 23
13 26
13 27
13 29
13 32
13 33
13 34
13 35
13 36
13 37
13 38
13 39
13 40
13 41
13 43
13 44
13 45
13 46
13 47
13 49
13 50
13 51
13 52
13 53
13 55
13 56
13 57
13 60
13 61
13 62
13 63
13 64
13 65
13 66
13 67
13 68
13 69
13 70
13 74
13 75
13 78
13 81
13 82
13 83
13 84
13 85
13 86
13 88
13 90
13 91
13 92
13 93
13 94
13 95
13 97
13 99
13 103
13 104
13 105
13 106
13 107
13 108
13 109
13 112
13 114
13 116
13 117
13 118
13 119
13 120
13 121
13 122
13 123
13 124
13 125
13 126
13 127
13 128
13 129
13 130
13 131
13 134
13 135
13 136
13 137
13 140
13 141
13 142
13 143
13 144
13 145
13 146
13 147
13 148
13 150
13 151
13 153
13 154
13 156
13 157
13 158
13 162
13 163
13 165
13 168
13 169
13 172
13 173
13 174
14 15
14 17
14 18
14 19
14 20
14 21
14 22
14 23
14 25
14 26
14 27
14 28
14 29
14 30
14 31
14 34
14 35
14 37
14 38
14 40
14 41
14 42
14 43
14 44
14 45
14 47
14 48
14 49
14 50
14 51
14 52
14 53
14 54
14 55
14 56
14 57
14 58
14 59
14 61
14 62
14 64
14 65
14 66
14 68
14 69
14 71
14 72
14 73
14 74
14 75
14 77
14 78
14 79
14 80
14 81
14 82
14 83
14 84
14 86
14 87
14 88
14 89
14 91
14 92
14 93
14 94
14 96
14 97
14 98
14 101
14 102
14 103
14 105
14 106
14 107
14 109
14 110
14 114
14 115
14 116
14 117
14 118
14 119
14 120
14 122
14 123
14 124
14 125
14 129
14 130
14 131
14 132
14 133
14 135
14 136
14 138
14 141
14 143
14 144
14 145
14 146
14 147
14 149
14 150
14 152
14 153
14 154
14 155
14 156
14 158
14 160
14 163
14 164
14 165
14 166
14 167
14 168
14 171
14 172
14 173
14 174
15 16
15 17
15 18
15 19
15 20
15 22
15 24
15 25
15 28
15 29
15 30
15 31
15 32
15 33
15 34
15 35
15 36
15 37
15 38
15 39
15 41
15 42
15 45
15 46
15 47
15 49
15 50
15 51
15 52
15 53
15 54
15 55
15 56
15 60
15 61
15 63
15 64
15 65
15 66
15 68
15 69
15 70
15 71
15 72
15 73
15 74
15 78
15 79
15 80
15 82
15 83
15 84
15 85
15 86
15 87
15 88
15 90
15 91
15 92
15 93
15 94
15 95
15 96
15 97
15 98
15 99
15 101
15 102
15 110
15 111
15 112
15 113
15 114
15 115
15 117
15 118
15 121
15 122
15 123
15 125
15 128
15 129
15 132
15 134
15 137
15 138
15 139
15 140
15 141
15 142
15 143
15 144
15 145
15 146
15 147
15 148
15 149
15 150
15 151
15 153
15 154
15 156
15 157
15 159
15 160
15 161
15 162
15 163
15 164
15 167
15 168
15 169
15 170
15 171
15 172
15 173
16 18
16 19
16 20
16 21
16 22
16 23
16 24
16 25
16 26
16 27
16 28
16 30
16 32
16 34
16 35
16 37
16 38
16 39
16 40
16 41
16 42
16 43
16 44
16 46
16 47
16 49
16 50
16 51
16 52
16 53
16 58
16 59
16 60
16 61
16 62
16 63
16 65
16 66
16 67
16 68
16 69
16 70
16 71
16 72
16 75
16 76
16 77
16 78
16 79
16 80
16 82
16 83
16 85
16 89
16 90
16 91
16 92
16 93
16 95
16 96
16 98
16 99
16 100
16 101
16 104
16 106
16 108
16 109
16 110
16 112
16 113
16 114
16 115
16 117
16 118
16 119
16 120
16 121
16 123
16 125
16 126
16 127
16 128
16 129
16 130
16 131
16 132
16 133
16 134
16 135
16 137
16 139
16 141
16 143
16 145
16 146
16 148
16 149
16 150
16 151
16 156
16 157
16 160
16 161
16 162
16 163
16 165
16 167
16 168
16 169
16 170
16 172
16 173
16 174
17 18
17 19
17 22
17 25
17 26
17 27
17 28
17 31
17 32
17 33
17 34
17 35
17 36
17 37
17 38
17 39
17 40
17 44
17 45
17 46
17 47
17 50
17 52
17 53
17 57
17 58
17 59
17 60
17 61
17 62
17 63
17 64
17 65
17 67
17 69
17 70
17 71
17 72
17 74
17 75
17 76
17 77
17 80
17 81
17 84
17 86
17 89
17 90
17 91
17 93
17 94
17 95
17 96
17 97
17 98
17 100
17 102
17 103
17 104
17 105
17 106
17 107
17 108
17 109
17 111
17 112
17 113
17 115
17 116
17 117
17 118
17 120
17 121
17 123
17 124
17 126
17 127
17 128
17 129
17 130
17 131
17 132
17 133
17 134
17 135
17 136
17 137
17 139
17 141
17 142
17 143
17 144
17 146
17 149
17 151
17 153
17 154
17 155
17 156
17 157
17 159
17 161
17 162
17 163
17 164
17 167
17 169
17 170
17 173
17 174
18 19
18 20
18 21
18 22
18 23
18 24
18 25
18 27
18 28
18 29
18 31
18 32
18 33
18 35
18 37
18 38
18 40
18 41
18 42
18 44
18 46
18 47
18 48
18 49
18 51
18 52
18 53
18 54
18 57
18 59
18 60
18 62
18 63
18 66
18 67
18 68
18 69
18 70
18 72
18 74
18 76
18 78
18 79
18 80
18 83
18 84
18 85
18 86
18 87
18 89
18 90
18 92
18 93
18 94
18 95
18 96
18 98
18 99
18 100
18 102
18 104
18 105
18 106
18 107
18 108
18 109
18 110
18 111
18 112
18 113
18 116
18 117
18 118
18 119
18 120
18 122
18 124
18 125
18 126
18 127
18 128
18 129
18 131
18 132
18 134
18 135
18 139
18 140
18 141
18 142
18 144
18 147
18 148
18 149
18 150
18 151
18 152
18 154
18 155
18 156
18 157
18 158
18 161
18 162
18 165
18 166
18 168
18 169
18 170
18 172
18 173
18 174
19 20
19 21
19 22
19 23
19 24
19 25
19 26
19 27
19 28
19 29
19 30
19 32
19 33
19 35
19 36
19 37
19 38
19 40
19 41
19 43
19 44
19 45
19 47
19 48
19 49
19 50
19 51
19 55
19 56
19 57
19 58
19 59
19 60
19 61
19 62
19 63
19 64
19 66
19 69
19 70
19 71
19 72
19 73
19 74
19 75
19 77
19 80
19 81
19 82
19 83
19 84
19 85
19 86
19 88
19 90
19 91
19 92
19 94
19 95
19 96
19 97
19 98
19 99
19 100
19 101
19 103
19 104
19 105
19 106
19 107
19 108
19 111
19 112
19 113
19 114
19 116
19 117
19 118
19 120
19 121
19 123
19 127
19 128
19 130
19 131
19 133
19 134
19 135
19 137
19 138
19 139
19 140
19 141
19 143
19 145
19 147
19 150
19 152
19 153
19 154
19 155
19 156
19 157
19 158
19 159
19 161
19 165
19 166
19 167
19 168
19 169
19 170
19 171
19 174
20 21
20 22
20 23
20 24
20 26
20 27
20 29
20 30
20 31
20 32
20 33
20 35
20 36
20 37
20 38
20 39
20 41
20 42
20 43
20 44
20 45
20 46
20 47
20 48
20 50
20 51
20 52
20 54
20 56
20 58
20 59
20 61
20 62
20 66
20 68
20 70
20 71
20 72
20 73
20 74
20 75
20 76
20 77
20 78
20 80
20 82
20 84
20 85
20 86
20 87
20 90
20 92
20 93
20 94
20 95
20 96
20 97
20 98
20 99
20 100
20 101
20 103
20 104
20 105
20 106
20 107
20 110
20 111
20 112
20 114
20 115
20 116
20 117
20 118
20 119
20 121
20 122
20 123
20 124
20 125
20 129
20 130
20 132
20 133
20 134
20 135
20 136
20 137
20 138
20 139
20 140
20 141
20 143
20 146
20 147
20 148
20 150
20 151
20 152
20 154
20 155
20 157
20 158
20 159
20 160
20 164
20 165
20 167
20 168
20 169
20 170
20 171
20 172
21 23
21 24
21 25
21 26
21 27
21 28
21 29
21 30
21 31
21 32
21 35
21 36
21 37
21 39
21 41
21 42
21 43
21 44
21 46
21 47
21 49
21 50
21 51
21 52
21 54
21 55
21 57
21 58
21 59
21 60
21 61
21 64
21 65
21 66
21 67
21 68
21 69
21 70
21 71
21 72
21 73
21 74
21 75
21 76
21 77
21 78
21 80
21 81
21 82
21 83
21 84
21 85
21 86
21 87
21 88
21 89
21 90
21 91
21 92
21 93
21 95
21 96
21 99
21 100
21 101
21 102
21 103
21 104
21 105
21 106
21 107
21 108
21 109
21 110
21 112
21 113
21 114
21 116
21 117
21 118
21 119
21 120
21 121
21 122
21 124
21 127
21 128
21 129
21 130
21 132
21 134
21 135
21 136
21 137
21 139
21 144
21 145
21 146
21 147
21 148
21 149
21 151
21 152
21 154
21 156
21 158
21 160
21 161
21 162
21 163
21 165
21 166
21 168
21 174
22 24
22 25
22 26
22 27
22 28
22 29
22 30
22 31
22 33
22 34
22 36
22 37
22 38
22 39
22 41
22 44
22 45
22 46
22 48
22 49
22 50
22 51
22 52
22 54
22 56
22 57
22 58
22 59
22 60
22 62
22 64
22 65
22 66
22 68
22 69
22 70
22 72
22 73
22 74
22 76
22 77
22 78
22 80
22 81
22 82
22 83
22 84
22 85
22 86
22 87
22 88
22 90
22 91
22 93
22 94
22 96
22 97
22 98
22 99
22 100
22 104
22 105
22 108
22 110
22 115
22 117
22 119
22 120
22 121
22 122
22 124
22 127
22 128
22 129
22 130
22 131
22 132
22 133
22 134
22 136
22 138
22 139
22 140
22 141
22 142
22 143
22 144
22 145
22 147
22 148
22 149
22 150
22 152
22 153
22 155
22 156
22 157
22 158
22 162
22 163
22 164
22 166
22 167
22 168
22 169
22 171
22 172
22 173
22 174
23 24
23 25
23 26
23 27
23 29
23 30
23 32
23 33
23 34
23 35
23 36
23 37
23 38
23 40
23 42
23 43
23 44
23 50
23 52
23 53
23 54
23 55
23 56
23 58
23 59
23 60
23 61
23 62
23 63
23 65
23 66
23 67
23 69
23 71
23 72
23 73
23 74
23 75
23 77
23 78
23 79
23 80
23 82
23 83
23 84
23 85
23 86
23 88
23 89
23 91
23 92
23 93
23 94
23 95
23 96
23 97
23 98
23 99
23 101
23 102
23 103
23 104
23 105
23 106
23 109
23 110
23 111
23 112
23 113
23 114
23 115
23 116
23 118
23 120
23 121
23 122
23 125
23 126
23 127
23 128
23 131
23 132
23 133
23 135
23 136
23 137
23 138
23 139
23 140
23 144
23 146
23 147
23 148
23 149
23 151
23 152
23 153
23 155
23 156
23 157
23 158
23 159
23 160
23 161
23 163
23 166
23 167
23 169
23 170
23 172
23 174
24 25
24 26
24 27
24 28
24 30
24 31
24 32
24 33
24 34
24 35
24 36
24 37
24 39
24 41
24 42
24 44
24 45
24 46
24 47
24 49
24 52
24 54
24 55
24 56
24 59
24 60
24 61
24 62
24 63
24 64
24 65
24 66
24 68
24 69
24 70
24 71
24 72
24 73
24 74
24 76
24 77
24 78
24 80
24 81
24 82
24 83
24 84
24 85
24 86
24 87
24 88
24 92
24 93
24 94
24 95
24 96
24 97
24 98
24 99
24 100
24 101
24 103
24 104
24 105
24 106
24 107
24 108
24 109
24 111
24 112
24 113
24 115
24 116
24 117
24 119
24 120
24 121
24 122
24 123
24 124
24 126
24 127
24 128
24 129
24 131
24 136
24 137
24 140
24 142
24 143
24 144
24 145
24 146
24 147
24 148
24 150
24 151
24 152
24 153
24 154
24 155
24 156
24 157
24 158
24 159
24 160
24 162
24 163
24 164
24 165
24 167
24 170
24 171
24 172
25 26
25 28
25 29
25 30
25 31
25 33
25 34
25 35
25 36
25 37
25 39
25 40
25 41
25 42
25 44
25 45
25 47
25 48
25 51
25 52
25 53
25 54
25 55
25 57
25 60
25 61
25 63
25 65
25 66
25 67
25 69
25 71
25 72
25 73
25 74
25 76
25 77
25 78
25 79
25 80
25 83
25 84
25 86
25 87
25 88
25 89
25 91
25 92
25 93
25 94
25 95
25 97
25 98
25 99
25 100
25 101
25 102
25 104
25 106
25 107
25 108
25 109
25 110
25 111
25 112
25 113
25 114
25 115
25 116
25 117
25 118
25 120
25 121
25 122
25 123
25 125
25 127
25 129
25 130
25 131
25 132
25 134
25 135
25 136
25 137
25 139
25 140
25 142
25 143
25 145
25 148
25 149
25 151
25 152
25 154
25 155
25 158
25 159
25 160
25 161
25 162
25 163
25 164
25 165
25 166
25 167
25 169
25 170
25 171
25 172
25 173
25 174
26 28
26 29
26 30
26 31
26 33
26 35
26 36
26 37
26 38
26 39
26 40
26 41
26 42
26 43
26 44
26 45
26 46
26 47
26 48
26 50
26 51
26 52
26 54
26 55
26 56
26 57
26 58
26 59
26 60
26 62
26 63
26 66
26 68
26 70
26 71
26 72
26 73
26 74
26 75
26 77
26 79
26 80
26 81
26 83
26 84
26 85
26 86
26 87
26 88
26 89
26 90
26 91
26 93
26 94
26 97
26 98
26 99
26 100
26 101
26 103
26 104
26 106
26 107
26 108
26 109
26 113
26 114
26 115
26 116
26 117
26 118
26 119
26 120
26 121
26 123
26 125
26 126
26 127
26 128
26 129
26 130
26 132
26 133
26 138
26 141
26 142
26 144
26 145
26 146
26 147
26 149
26 151
26 152
26 154
26 155
26 156
26 159
26 160
26 163
26 164
26 165
26 166
26 167
26 168
26 171
26 173
26 174
27 28
27 29
27 32
27 35
27 36
27 37
27 39
27 40
27 44
27 45
27 47
27 48
27 49
27 50
27 52
27 53
27 54
27 55
27 56
27 57
27 58
27 59
27 61
27 64
27 66
27 68
27 69
27 71
27 72
27 74
27 75
27 76
27 77
27 78
27 79
27 81
27 82
27 83
27 86
27 89
27 90
27 91
27 92
27 95
27 96
27 97
27 98
27 100
27 102
27 104
27 106
27 107
27 108
27 109
27 110
27 111
27 112
27 113
27 114
27 115
27 116
27 117
27 118
27 119
27 120
27 122
27 123
27 124
27 125
27 126
27 127
27 128
27 129
27 133
27 135
27 136
27 137
27 138
27 139
27 142
27 143
27 146
27 147
27 148
27 151
27 153
27 154
27 155
27 157
27 158
27 159
27 160
27 161
27 164
27 165
27 166
27 167
27 168
27 170
27 171
27 172
27 173
28 30
28 31
28 32
28 33
28 34
28 35
28 36
28 37
28 38
28 39
28 40
28 41
28 43
28 45
28 46
28 47
28 48
28 49
28 50
28 51
28 52
28 54
28 55
28 56
28 57
28 58
28 59
28 60
28 62
28 63
28 64
28 65
28 66
28 67
28 68
28 69
28 70
28 71
28 73
28 74
28 75
28 77
28 78
28 81
28 82
28 83
28 84
28 85
28 86
28 87
28 89
28 92
28 93
28 94
28 95
28 96
28 98
28 99
28 100
28 101
28 102
28 103
28 104
28 106
28 107
28 108
28 109
28 110
28 111
28 112
28 113
28 114
28 115
28 116
28 119
28 120
28 121
28 122
28 123
28 125
28 127
28 129
28 130
28 131
28 132
28 133
28 137
28 138
28 139
28 140
28 141
28 142
28 143
28 145
28 146
28 147
28 149
28 150
28 151
28 153
28 154
28 155
28 157
28 158
28 159
28 161
28 162
28 163
28 164
28 165
28 166
28 167
28 168
28 169
28 170
28 172
28 173
28 174
29 32
29 33
29 34
29 35
29 36
29 38
29 39
29 40
29 42
29 44
29 45
29 46
29 47
29 48
29 50
29 52
29 53
29 54
29 56
29 57
29 58
29 59
29 61
29 62
29 64
29 66
29 67
29 69
29 70
29 71
29 72
29 73
29 74
29 75
29 76
29 77
29 78
29 79
29 81
29 82
29 83
29 84
29 85
29 86
29 88
29 89
29 91
29 92
29 93
29 94
29 95
29 96
29 98
29 99
29 100
29 101
29 103
29 104
29 106
29 107
29 108
29 109
29 112
29 114
29 116
29 117
29 120
29 121
29 123
29 124
29 126
29 127
29 128
29 129
29 130
29 131
29 132
29 133
29 134
29 135
29 136
29 137
29 139
29 140
29 141
29 142
29 143
29 144
29 146
29 147
29 148
29 151
29 152
29 153
29 156
29 157
29 158
29 161
29 162
29 164
29 165
29 166
29 167
29 170
29 171
29 172
29 173
30 31
30 32
30 33
30 34
30 35
30 37
30 38
30 39
30 40
30 42
30 43
30 44
30 46
30 47
30 48
30 49
30 50
30 51
30 53
30 55
30 56
30 57
30 58
30 59
30 60
30 61
30 62
30 63
30 66
30 67
30 68
30 72
30 73
30 74
30 75
30 76
30 77
30 80
30 82
30 84
30 85
30 86
30 87
30 88
30 89
30 90
30 91
30 92
30 94
30 95
30 96
30 97
30 98
30 99
30 102
30 103
30 105
30 109
30 110
30 111
30 112
30 114
30 115
30 117
30 118
30 119
30 120
30 121
30 122
30 123
30 124
30 126
30 127
30 128
30 129
30 130
30 131
30 134
30 135
30 136
30 138
30 140
30 141
30 142
30 144
30 146
30 147
30 148
30 149
30 150
30 151
30 152
30 153
30 154
30 155
30 156
30 157
30 158
30 159
30 160
30 161
30 162
30 163
30 164
30 165
30 167
30 169
30 171
30 172
30 174
31 32
31 33
31 36
31 37
31 38
31 39
31 40
31 41
31 42
31 44
31 45
31 46
31 48
31 50
31 51
31 52
31 53
31 54
31 56
31 57
31 58
31 59
31 60
31 61
31 62
31 63
31 64
31 66
31 67
31 68
31 69
31 70
31 72
31 74
31 75
31 76
31 77
31 78
31 80
31 81
31 82
31 83
31 84
31 85
31 86
31 87
31 90
31 91
31 93
31 95
31 96
31 97
31 98
31 99
31 100
31 101
31 102
31 103
31 104
31 106
31 107
31 110
31 111
31 112
31 113
31 118
31 119
31 120
31 122
31 123
31 124
31 125
31 126
31 127
31 128
31 130
31 131
31 132
31 133
31 136
31 138
31 139
31 140
31 141
31 143
31 144
31 145
31 146
31 147
31 148
31 149
31 150
31 152
31 153
31 154
31 156
31 157
31 158
31 160
31 161
31 162
31 163
31 164
31 165
31 166
31 167
31 169
31 171
31 172
31 173
31 174
32 34
32 35
32 37
32 38
32 40
32 41
32 42
32 43
32 46
32 47
32 48
32 49
32 54
32 55
32 58
32 59
32 61
32 62
32 63
32 64
32 65
32 66
32 67
32 68
32 69
32 70
32 71
32 72
32 74
32 75
32 76
32 77
32 79
32 80
32 81
32 82
32 83
32 84
32 85
32 86
32 91
32 92
32 93
32 95
32 97
32 98
32 102
32 103
32 104
32 105
32 106
32 107
32 108
32 109
32 112
32 113
32 115
32 116
32 117
32 119
32 121
32 123
32 124
32 125
32 126
32 127
32 131
32 133
32 134
32 135
32 136
32 137
32 138
32 139
32 140
32 141
32 142
32 146
32 147
32 148
32 149
32 150
32 151
32 153
32 154
32 155
32 157
32 158
32 159
32 160
32 161
32 162
32 163
32 164
32 165
32 166
32 170
32 171
32 172
32 174
33 34
33 35
33 36
33 38
33 39
33 40
33 43
33 45
33 46
33 47
33 48
33 49
33 50
33 51
33 55
33 56
33 57
33 58
33 59
33 60
33 61
33 62
33 63
33 65
33 66
33 67
33 68
33 69
33 70
33 71
33 72
33 73
33 74
33 75
33 76
33 77
33 78
33 79
33 80
33 81
33 83
33 84
33 85
33 86
33 87
33 88
33 89
33 90
33 91
33 92
33 93
33 95
33 97
33 98
33 99
33 100
33 101
33 103
33 104
33 105
33 106
33 107
33 109
33 110
33 111
33 114
33 115
33 116
33 117
33 119
33 120
33 121
33 123
33 124
33 125
33 126
33 127
33 128
33 129
33 130
33 131
33 132
33 134
33 135
33 136
33 138
33 141
33 143
33 144
33 145
33 146
33 147
33 148
33 149
33 150
33 151
33 152
33 153
33 154
33 155
33 156
33 157
33 158
33 160
33 161
33 163
33 164
33 165
33 166
33 167
33 169
33 170
33 172
33 173
33 174
34 35
34 36
34 37
34 38
34 40
34 41
34 42
34 43
34 47
34 48
34 49
34 50
34 52
34 53
34 56
34 58
34 59
34 60
34 61
34 65
34 66
34 69
34 72
34 73
34 74
34 75
34 76
34 77
34 79
34 80
34 81
34 82
34 83
34 85
34 87
34 88
34 89
34 90
34 91
34 92
34 93
34 94
34 95
34 96
34 97
34 98
34 101
34 102
34 103
34 104
34 105
34 108
34 109
34 110
34 111
34 112
34 113
34 115
34 116
34 117
34 118
34 119
34 121
34 122
34 123
34 125
34 126
34 127
34 129
34 130
34 132
34 133
34 134
34 135
34 136
34 137
34 138
34 139
34 140
34 141
34 142
34 143
34 144
34 145
34 147
34 149
34 150
34 151
34 152
34 153
34 154
34 155
34 157
34 161
34 164
34 165
34 166
34 167
34 168
34 169
34 170
34 171
34 172
34 173
34 174
35 37
35 39
35 40
35 41
35 42
35 43
35 46
35 47
35 48
35 50
35 51
35 52
35 55
35 56
35 57
35 58
35 61
35 63
35 64
35 65
35 67
35 68
35 69
35 70
35 71
35 72
35 74
35 75
35 76
35 77
35 79
35 80
35 81
35 82
35 83
35 84
35 86
35 88
35 89
35 90
35 91
35 92
35 93
35 94
35 96
35 97
35 98
35 99
35 101
35 103
35 104
35 106
35 107
35 108
35 109
35 112
35 113
35 114
35 115
35 116
35 118
35 119
35 120
35 121
35 122
35 123
35 125
35 126
35 127
35 128
35 129
35 133
35 134
35 135
35 136
35 137
35 138
35 142
35 143
35 145
35 146
35 148
35 150
35 151
35 152
35 153
35 155
35 156
35 157
35 160
35 162
35 164
35 165
35 166
35 167
35 168
35 170
35 172
35 173
35 174
36 37
36 38
36 40
36 41
36 42
36 44
36 47
36 49
36 52
36 53
36 54
36 55
36 56
36 58
36 60
36 61
36 62
36 64
36 66
36 68
36 69
36 71
36 72
36 74
36 76
36 77
36 78
36 79
36 80
36 81
36 82
36 83
36 84
36 86
36 87
36 88
36 89
36 90
36 91
36 92
36 93
36 94
36 96
36 97
36 98
36 99
36 100
36 102
36 103
36 105
36 106
36 108
36 109
36 111
36 112
36 113
36 115
36 119
36 120
36 121
36 122
36 123
36 124
36 125
36 126
36 129
36 130
36 131
36 132
36 133
36 134
36 136
36 137
36 138
36 141
36 144
36 145
36 146
36 147
36 148
36 149
36 150
36 151
36 152
36 154
36 155
36 156
36 157
36 158
36 159
36 160
36 161
36 162
36 163
36 166
36 167
36 168
36 169
36 170
36 171
36 173
36 174
37 39
37 40
37 41
37 42
37 43
37 44
37 45
37 46
37 47
37 48
37 49
37 50
37 51
37 53
37 54
37 55
37 57
37 59
37 62
37 63
37 64
37 65
37 67
37 68
37 71
37 72
37 73
37 74
37 75
37 76
37 77
37 82
37 84
37 85
37 86
37 87
37 89
37 90
37 91
37 92
37 93
37 95
37 96
37 97
37 98
37 99
37 100
37 101
37 104
37 105
37 106
37 108
37 111
37 112
37 113
37 114
37 116
37 117
37 119
37 120
37 121
37 123
37 124
37 125
37 126
37 127
37 128
37 129
37 133
37 135
37 136
37 137
37 138
37 139
37 140
37 141
37 142
37 143
37 145
37 146
37 147
37 148
37 149
37 150
37 155
37 156
37 157
37 158
37 160
37 162
37 165
37 166
37 167
37 169
37 170
37 171
37 172
37 173
37 174
38 39
38 40
38 41
38 42
38 43
38 45
38 47
38 48
38 49
38 50
38 51
38 52
38 53
38 54
38 56
38 58
38 59
38 62
38 64
38 65
38 67
38 68
38 69
38 70
38 72
38 73
38 74
38 76
38 77
38 79
38 80
38 81
38 82
38 83
38 84
38 86
38 88
38 91
38 92
38 94
38 96
38 99
38 100
38 101
38 102
38 103
38 104
38 105
38 107
38 108
38 109
38 110
38 111
38 112
38 113
38 114
38 117
38 118
38 119
38 121
38 122
38 124
38 125
38 127
38 129
38 130
38 131
38 132
38 135
38 136
38 139
38 140
38 141
38 142
38 143
38 144
38 146
38 147
38 148
38 150
38 152
38 154
38 155
38 156
38 157
38 158
38 159
38 160
38 161
38 162
38 165
38 166
38 167
38 168
38 169
38 170
38 171
38 172
38 173
38 174
39 40
39 41
39 42
39 43
39 44
39 46
39 47
39 48
39 50
39 51
39 52
39 53
39 54
39 55
39 56
39 60
39 62
39 63
39 64
39 65
39 66
39 68
39 70
39 73
39 74
39 75
39 76
39 77
39 78
39 83
39 84
39 85
39 87
39 88
39 90
39 91
39 92
39 93
39 96
39 97
39 99
39 101
39 102
39 103
39 104
39 106
39 109
39 110
39 113
39 114
39 116
39 118
39 119
39 120
39 121
39 124
39 126
39 127
39 128
39 129
39 130
39 131
39 132
39 133
39 134
39 135
39 136
39 137
39 140
39 141
39 142
39 143
39 145
39 146
39 147
39 148
39 149
39 151
39 152
39 155
39 157
39 158
39 159
39 160
39 161
39 162
39 163
39 164
39 165
39 166
39 167
39 170
39 172
39 174
40 41
40 42
40 43
40 46
40 47
40 48
40 51
40 52
40 53
40 54
40 55
40 56
40 57
40 58
40 60
40 61
40 62
40 64
40 66
40 67
40 68
40 69
40 70
40 71
40 72
40 73
40 74
40 75
40 77
40 78
40 79
40 81
40 83
40 84
40 85
40 86
40 88
40 90
40 91
40 92
40 93
40 94
40 95
40 96
40 97
40 98
40 99
40 100
40 102
40 103
40 104
40 105
40 107
40 112
40 113
40 114
40 116
40 117
40 119
40 120
40 121
40 123
40 124
40 125
40 126
40 127
40 129
40 131
40 132
40 133
40 134
40 135
40 136
40 138
40 139
40 140
40 141
40 143
40 144
40 145
40 146
40 147
40 149
40 150
40 151
40 152
40 156
40 158
40 159
40 162
40 163
40 164
40 165
40 166
40 168
40 170
40 171
41 42
41 44
41 45
41 46
41 47
41 48
41 49
41 50
41 51
41 53
41 56
41 58
41 59
41 60
41 61
41 62
41 63
41 64
41 66
41 67
41 69
41 72
41 73
41 75
41 76
41 77
41 78
41 79
41 82
41 84
41 85
41 87
41 88
41 89
41 91
41 92
41 93
41 94
41 96
41 97
41 98
41 100
41 101
41 102
41 103
41 105
41 106
41 109
41 112
41 113
41 115
41 117
41 118
41 119
41 120
41 121
41 122
41 123
41 125
41 126
41 127
41 128
41 129
41 133
41 134
41 135
41 136
41 137
41 138
41 139
41 140
41 141
41 142
41 143
41 144
41 145
41 146
41 147
41 150
41 152
41 153
41 155
41 156
41 157
41 159
41 160
41 161
41 166
41 169
41 172
41 173
41 174
42 44
42 45
42 46
42 49
42 50
42 52
42 53
42 54
42 55
42 56
42 57
42 58
42 59
42 61
42 62
42 63
42 65
42 66
42 67
42 68
42 69
42 70
42 71
42 74
42 75
42 76
42 81
42 82
42 83
42 85
42 87
42 88
42 89
42 90
42 91
42 93
42 95
42 96
42 98
42 99
42 100
42 104
42 105
42 106
42 108
42 109
42 111
42 113
42 114
42 115
42 116
42 117
42 119
42 120
42 121
42 122
42 124
42 126
42 128
42 130
42 132
42 134
42 135
42 136
42 137
42 139
42 140
42 145
42 146
42 147
42 149
42 150
42 151
42 153
42 154
42 156
42 157
42 159
42 160
42 161
42 162
42 163
42 164
42 165
42 167
42 168
42 169
42 170
42 171
42 172
42 173
42 174
43 44
43 47
43 48
43 49
43 52
43 53
43 54
43 55
43 56
43 57
43 58
43 60
43 61
43 62
43 63
43 65
43 66
43 67
43 68
43 69
43 70
43 71
43 72
43 73
43 74
43 75
43 76
43 77
43 78
43 79
43 80
43 82
43 83
43 84
43 87
43 91
43 92
43 93
43 94
43 96
43 97
43 98
43 100
43 103
43 104
43 106
43 107
43 108
43 109
43 112
43 113
43 116
43 118
43 120
43 123
43 124
43 125
43 126
43 127
43 130
43 131
43 132
43 134
43 136
43 137
43 138
43 139
43 141
43 143
43 144
43 145
43 146
43 147
43 149
43 151
43 152
43 155
43 157
43 158
43 159
43 160
43 161
43 162
43 164
43 165
43 166
43 168
43 170
43 171
43 173
43 174
44 46
44 47
44 48
44 49
44 50
44 51
44 52
44 53
44 54
44 56
44 57
44 59
44 61
44 62
44 63
44 64
44 66
44 67
44 69
44 71
44 72
44 73
44 75
44 76
44 78
44 80
44 81
44 82
44 84
44 85
44 86
44 88
44 89
44 91
44 93
44 94
44 95
44 98
44 100
44 101
44 102
44 103
44 104
44 107
44 108
44 110
44 111
44 112
44 113
44 114
44 116
44 117
44 118
44 121
44 123
44 124
44 126
44 127
44 128
44 129
44 130
44 131
44 132
44 133
44 137
44 138
44 140
44 141
44 142
44 145
44 147
44 148
44 150
44 153
44 154
44 155
44 156
44 157
44 158
44 159
44 160
44 161
44 162
44 163
44 165
44 166
44 167
44 170
44 171
44 172
45 46
45 47
45 48
45 49
45 50
45 52
45 53
45 54
45 56
45 58
45 59
45 60
45 61
45 62
45 64
45 68
45 70
45 71
45 72
45 74
45 75
45 76
45 77
45 78
45 79
45 80
45 81
45 82
45 83
45 84
45 85
45 86
45 87
45 88
45 90
45 91
45 93
45 94
45 96
45 97
45 98
45 100
45 102
45 104
45 105
45 106
45 107
45 108
45 110
45 111
45 112
45 113
45 114
45 115
45 116
45 117
45 118
45 119
45 120
45 121
45 122
45 123
45 124
45 125
45 126
45 127
45 128
45 129
45 130
45 131
45 132
45 134
45 135
45 136
45 138
45 139
45 141
45 142
45 145
45 147
45 148
45 150
45 151
45 152
45 153
45 154
45 155
45 159
45 160
45 161
45 162
45 164
45 165
45 166
45 167
45 169
45 170
45 171
45 172
45 174
46 47
46 48
46 50
46 51
46 53
46 54
46 57
46 58
46 59
46 60
46 62
46 63
46 64
46 65
46 66
46 67
46 69
46 70
46 71
46 72
46 73
46 74
46 76
46 77
46 78
46 79
46 81
46 82
46 84
46 86
46 87
46 89
46 90
46 91
46 92
46 94
46 95
46 96
46 98
46 101
46 102
46 104
46 105
46 106
46 107
46 108
46 109
46 110
46 111
46 112
46 113
46 116
46 117
46 118
46 121
46 122
46 123
46 124
46 125
46 126
46 127
46 128
46 130
46 132
46 134
46 136
46 137
46 138
46 139
46 140
46 142
46 143
46 144
46 145
46 146
46 147
46 148
46 149
46 150
46 152
46 154
46 156
46 157
46 158
46 160
46 161
46 163
46 166
46 167
46 169
46 170
46 171
46 173
46 174
47 48
47 49
47 50
47 51
47 52
47 54
47 55
47 56
47 57
47 58
47 59
47 61
47 63
47 64
47 65
47 66
47 67
47 69
47 70
47 71
47 72
47 77
47 78
47 79
47 80
47 81
47 84
47 85
47 87
47 88
47 89
47 90
47 91
47 92
47 93
47 95
47 96
47 97
47 99
47 100
47 102
47 103
47 104
47 105
47 106
47 107
47 108
47 109
47 110
47 111
47 112
47 113
47 115
47 117
47 118
47 119
47 120
47 121
47 122
47 123
47 124
47 125
47 126
47 127
47 128
47 130
47 131
47 132
47 133
47 134
47 135
47 136
47 137
47 138
47 139
47 140
47 141
47 142
47 143
47 144
47 145
47 147
47 148
47 149
47 150
47 152
47 153
47 154
47 155
47 156
47 157
47 158
47 161
47 162
47 163
47 164
47 166
47 168
47 169
47 170
47 172
47 174
48 49
48 50
48 51
48 52
48 53
48 56
48 57
48 58
48 59
48 60
48 62
48 63
48 64
48 65
48 66
48 67
48 68
48 69
48 71
48 72
48 73
48 75
48 76
48 77
48 78
48 79
48 80
48 81
48 82
48 83
48 84
48 87
48 89
48 90
48 91
48 92
48 93
48 95
48 97
48 98
48 99
48 100
48 101
48 104
48 107
48 108
48 109
48 111
48 112
48 113
48 114
48 115
48 116
48 117
48 119
48 122
48 124
48 125
48 126
48 127
48 128
48 129
48 130
48 132
48 133
48 134
48 136
48 137
48 138
48 140
48 142
48 143
48 147
48 148
48 149
48 150
48 151
48 152
48 153
48 154
48 157
48 159
48 160
48 161
48 162
48 163
48 165
48 168
48 169
48 170
48 171
48 173
49 51
49 52
49 53
49 54
49 55
49 56
49 57
49 59
49 60
49 61
49 62
49 63
49 65
49 66
49 67
49 68
49 69
49 70
49 71
49 72
49 73
49 74
49 75
49 76
49 77
49 78
49 79
49 81
49 82
49 83
49 84
49 85
49 88
49 89
49 90
49 91
49 92
49 93
49 94
49 95
49 96
49 98
49 99
49 100
49 102
49 103
49 104
49 106
49 107
49 109
49 110
49 111
49 112
49 113
49 116
49 117
49 119
49 120
49 122
49 124
49 125
49 126
49 129
49 130
49 131
49 134
49 135
49 138
49 139
49 141
49 142
49 143
49 144
49 145
49 147
49 148
49 149
49 150
49 152
49 153
49 155
49 157
49 158
49 161
49 162
49 163
49 164
49 165
49 166
49 167
49 168
49 169
49 170
49 172
49 173
49 174
50 53
50 55
50 56
50 57
50 58
50 60
50 61
50 62
50 63
50 65
50 66
50 72
50 73
50 77
50 78
50 79
50 80
50 81
50 82
50 87
50 88
50 89
50 91
50 92
50 93
50 94
50 95
50 97
50 99
50 101
50 102
50 103
50 105
50 106
50 107
50 108
50 109
50 110
50 111
50 112
50 113
50 114
50 116
50 117
50 120
50 121
50 122
50 123
50 126
50 127
50 128
50 129
50 130
50 131
50 132
50 133
50 134
50 135
50 137
50 140
50 142
50 143
50 144
50 145
50 146
50 147
50 148
50 149
50 150
50 151
50 152
50 157
50 158
50 159
50 160
50 162
50 164
50 165
50 167
50 168
50 169
50 170
50 171
50 173
51 52
51 54
51 55
51 56
51 58
51 61
51 63
51 65
51 66
51 68
51 69
51 71
51 72
51 76
51 77
51 79
51 82
51 83
51 84
51 85
51 86
51 87
51 88
51 89
51 94
51 95
51 96
51 97
51 99
51 101
51 102
51 103
51 104
51 106
51 107
51 109
51 110
51 111
51 112
51 113
51 114
51 115
51 116
51 118
51 119
51 120
51 121
51 122
51 123
51 124
51 125
51 126
51 127
51 128
51 129
51 130
51 131
51 134
51 135
51 136
51 137
51 138
51 140
51 141
51 142
51 143
51 144
51 145
51 146
51 147
51 148
51 150
51 151
51 152
51 154
51 155
51 156
51 158
51 159
51 160
51 162
51 165
51 166
51 167
51 168
51 169
51 171
51 173
51 174
52 53
52 54
52 55
52 56
52 57
52 58
52 59
52 61
52 62
52 63
52 64
52 65
52 66
52 67
52 68
52 69
52 70
52 71
52 72
52 74
52 75
52 76
52 77
52 78
52 79
52 80
52 81
52 82
52 84
52 85
52 87
52 89
52 90
52 91
52 92
52 93
52 94
52 95
52 96
52 97
52 99
52 100
52 101
52 102
52 103
52 104
52 105
52 106
52 107
52 109
52 110
52 111
52 114
52 115
52 116
52 117
52 118
52 120
52 122
52 123
52 124
52 127
52 128
52 129
52 130
52 131
52 133
52 134
52 135
52 136
52 138
52 139
52 140
52 141
52 142
52 143
52 144
52 146
52 148
52 149
52 150
52 151
52 152
52 153
52 154
52 155
52 156
52 157
52 158
52 159
52 160
52 161
52 162
52 163
52 164
52 165
52 166
52 167
52 168
52 169
52 170
52 172
52 174
53 54
53 55
53 56
53 57
53 58
53 59
53 61
53 63
53 64
53 65
53 66
53 67
53 68
53 69
53 70
53 71
53 73
53 74
53 75
53 76
53 77
53 79
53 80
53 81
53 82
53 83
53 84
53 85
53 86
53 87
53 88
53 89
53 90
53 91
53 92
53 93
53 94
53 95
53 98
53 99
53 100
53 102
53 103
53 104
53 105
53 106
53 108
53 109
53 111
53 112
53 113
53 114
53 115
53 117
53 118
53 119
53 120
53 121
53 123
53 124
53 127
53 129
53 130
53 131
53 132
53 135
53 136
53 137
53 138
53 139
53 140
53 141
53 142
53 143
53 145
53 146
53 147
53 148
53 150
53 151
53 153
53 154
53 155
53 156
53 157
53 158
53 160
53 164
53 165
53 167
53 168
53 169
53 170
53 171
53 173
54 55
54 56
54 57
54 58
54 60
54 61
54 62
54 63
54 64
54 65
54 66
54 67
54 68
54 70
54 71
54 73
54 74
54 75
54 77
54 78
54 79
54 80
54 82
54 83
54 84
54 86
54 88
54 89
54 90
54 91
54 92
54 93
54 94
54 96
54 97
54 98
54 99
54 100
54 101
54 103
54 104
54 105
54 106
54 107
54 108
54 109
54 110
54 111
54 112
54 113
54 114
54 116
54 117
54 118
54 119
54 121
54 123
54 125
54 126
54 127
54 128
54 130
54 131
54 132
54 134
54 135
54 136
54 137
54 138
54 140
54 141
54 142
54 143
54 144
54 145
54 147
54 148
54 149
54 151
54 153
54 154
54 155
54 156
54 157
54 158
54 159
54 160
54 161
54 162
54 163
54 164
54 165
54 167
54 169
54 170
54 171
54 172
54 173
55 56
55 57
55 58
55 60
55 61
55 62
55 63
55 64
55 65
55 66
55 67
55 68
55 69
55 70
55 71
55 72
55 73
55 74
55 75
55 77
55 78
55 80
55 83
55 84
55 85
55 86
55 87
55 88
55 89
55 90
55 91
55 92
55 93
55 96
55 97
55 98
55 99
55 101
55 102
55 103
55 104
55 106
55 107
55 108
55 110
55 111
55 112
55 114
55 115
55 119
55 120
55 121
55 123
55 125
55 126
55 128
55 129
55 130
55 132
55 134
55 135
55 138
55 139
55 142
55 143
55 144
55 145
55 147
55 148
55 151
55 152
55 153
55 154
55 156
55 157
55 158
55 159
55 161
55 162
55 163
55 165
55 167
55 168
55 169
55 171
55 172
55 173
55 174
56 57
56 58
56 60
56 61
56 62
56 64
56 65
56 66
56 69
56 70
56 71
56 72
56 73
56 76
56 77
56 79
56 80
56 81
56 82
56 83
56 84
56 85
56 87
56 88
56 89
56 91
56 92
56 93
56 94
56 95
56 96
56 97
56 98
56 99
56 100
56 101
56 102
56 103
56 104
56 105
56 106
56 107
56 108
56 109
56 110
56 111
56 112
56 113
56 114
56 115
56 118
56 119
56 120
56 122
56 123
56 124
56 125
56 126
56 127
56 128
56 129
56 130
56 131
56 132
56 133
56 135
56 136
56 137
56 138
56 141
56 144
56 147
56 148
56 153
56 154
56 155
56 156
56 157
56 158
56 159
56 160
56 161
56 164
56 167
56 169
56 171
56 172
56 173
56 174
57 59
57 60
57 61
57 63
57 65
57 66
57 67
57 68
57 69
57 70
57 71
57 72
57 73
57 74
57 75
57 76
57 80
57 81
57 82
57 83
57 84
57 86
57 88
57 89
57 90
57 91
57 93
57 94
57 95
57 96
57 98
57 99
57 100
57 101
57 102
57 103
57 104
57 105
57 107
57 108
57 109
57 110
57 111
57 112
57 113
57 115
57 117
57 118
57 119
57 121
57 122
57 123
57 125
57 126
57 129
57 130
57 131
57 133
57 134
57 135
57 137
57 140
57 141
57 143
57 144
57 145
57 147
57 148
57 149
57 150
57 151
57 152
57 153
57 154
57 156
57 157
57 158
57 160
57 161
57 162
57 163
57 164
57 165
57 167
57 168
57 169
57 172
57 174
58 60
58 61
58 62
58 63
58 64
58 65
58 66
58 67
58 69
58 70
58 71
58 72
58 73
58 74
58 75
58 77
58 78
58 79
58 80
58 81
58 83
58 84
58 85
58 86
58 87
58 88
58 89
58 90
58 91
58 93
58 96
58 98
58 99
58 101
58 103
58 104
58 105
58 106
58 108
58 111
58 112
58 113
58 115
58 116
58 117
58 119
58 120
58 122
58 123
58 125
58 127
58 128
58 129
58 130
58 131
58 132
58 133
58 134
58 135
58 136
58 137
58 138
58 139
58 140
58 141
58 142
58 143
58 144
58 147
58 148
58 149
58 150
58 151
58 152
58 153
58 154
58 157
58 158
58 160
58 163
58 164
58 165
58 166
58 167
58 168
58 171
58 172
58 173
58 174
59 61
59 62
59 63
59 64
59 65
59 66
59 67
59 68
59 69
59 70
59 72
59 75
59 76
59 78
59 80
59 81
59 82
59 83
59 84
59 86
59 88
59 89
59 91
59 92
59 94
59 95
59 96
59 99
59 100
59 101
59 104
59 105
59 106
59 108
59 109
59 110
59 111
59 112
59 113
59 115
59 116
59 117
59 118
59 119
59 120
59 121
59 122
59 123
59 124
59 128
59 129
59 134
59 135
59 136
59 139
59 140
59 142
59 145
59 146
59 147
59 148
59 149
59 150
59 152
59 153
59 154
59 155
59 156
59 158
59 159
59 160
59 161
59 162
59 163
59 164
59 165
59 168
59 169
59 170
59 171
59 172
59 173
59 174
60 61
60 62
60 63
60 65
60 66
60 67
60 68
60 69
60 71
60 72
60 73
60 74
60 75
60 76
60 78
60 79
60 80
60 81
60 82
60 83
60 84
60 85
60 86
60 88
60 89
60 90
60 91
60 92
60 93
60 94
60 95
60 96
60 97
60 99
60 100
60 101
60 102
60 103
60 104
60 105
60 106
60 107
60 108
60 109
60 112
60 113
60 114
60 115
60 116
60 117
60 118
60 119
60 120
60 125
60 126
60 128
60 129
60 130
60 131
60 132
60 133
60 134
60 136
60 137
60 138
60 139
60 140
60 142
60 143
60 145
60 146
60 147
60 148
60 152
60 154
60 155
60 156
60 157
60 158
60 159
60 164
60 165
60 166
60 168
60 171
60 174
61 62
61 64
61 66
61 69
61 70
61 72
61 73
61 74
61 76
61 77
61 78
61 80
61 81
61 82
61 83
61 85
61 86
61 87
61 89
61 90
61 92
61 94
61 95
61 96
61 97
61 98
61 99
61 100
61 102
61 103
61 106
61 107
61 109
61 110
61 111
61 112
61 114
61 116
61 118
61 119
61 120
61 121
61 122
61 123
61 124
61 127
61 128
61 129
61 130
61 131
61 132
61 133
61 134
61 135
61 136
61 137
61 138
61 139
61 140
61 141
61 143
61 144
61 145
61 148
61 149
61 151
61 152
61 153
61 154
61 155
61 156
61 157
61 158
61 159
61 160
61 162
61 163
61 164
61 165
61 167
61 168
61 169
61 170
61 171
61 172
61 173
62 63
62 65
62 66
62 67
62 69
62 70
62 71
62 73
62 75
62 76
62 77
62 78
62 80
62 82
62 84
62 85
62 86
62 87
62 90
62 91
62 92
62 93
62 94
62 95
62 96
62 97
62 100
62 101
62 102
62 106
62 107
62 109
62 110
62 111
62 112
62 113
62 114
62 115
62 116
62 117
62 118
62 119
62 120
62 121
62 122
62 123
62 124
62 126
62 129
62 131
62 132
62 133
62 134
62 135
62 136
62 138
62 139
62 140
62 141
62 142
62 143
62 146
62 147
62 148
62 149
62 151
62 153
62 157
62 158
62 161
62 162
62 163
62 164
62 165
62 167
62 168
62 169
62 170
62 171
62 172
62 173
62 174
63 64
63 65
63 66
63 67
63 68
63 69
63 70
63 73
63 74
63 75
63 77
63 78
63 79
63 80
63 81
63 82
63 83
63 84
63 85
63 87
63 90
63 91
63 92
63 93
63 95
63 96
63 97
63 98
63 101
63 103
63 104
63 105
63 106
63 108
63 109
63 110
63 111
63 112
63 114
63 116
63 117
63 118
63 119
63 120
63 121
63 122
63 123
63 124
63 127
63 128
63 129
63 130
63 131
63 132
63 133
63 134
63 135
63 139
63 140
63 141
63 142
63 143
63 145
63 146
63 147
63 148
63 149
63 150
63 151
63 152
63 153
63 155
63 156
63 157
63 158
63 159
63 160
63 161
63 162
63 163
63 166
63 167
63 171
63 172
63 173
63 174
64 65
64 66
64 67
64 68
64 70
64 71
64 72
64 73
64 75
64 76
64 77
64 78
64 79
64 80
64 81
64 82
64 83
64 84
64 85
64 86
64 88
64 89
64 90
64 92
64 93
64 94
64 96
64 98
64 99
64 100
64 102
64 104
64 106
64 108
64 109
64 110
64 111
64 112
64 113
64 114
64 115
64 116
64 118
64 119
64 120
64 121
64 122
64 123
64 125
64 127
64 130
64 131
64 133
64 134
64 135
64 136
64 137
64 138
64 139
64 142
64 144
64 145
64 146
64 147
64 149
64 150
64 151
64 152
64 153
64 154
64 155
64 158
64 159
64 161
64 162
64 163
64 164
64 165
64 166
64 167
64 168
64 170
64 171
64 173
64 174
65 66
65 67
65 68
65 69
65 71
65 72
65 73
65 74
65 75
65 77
65 78
65 79
65 80
65 81
65 83
65 84
65 86
65 87
65 88
65 89
65 91
65 93
65 94
65 95
65 96
65 97
65 100
65 101
65 102
65 104
65 105
65 106
65 107
65 108
65 109
65 110
65 111
65 112
65 113
65 114
65 115
65 116
65 117
65 118
65 119
65 121
65 123
65 124
65 125
65 126
65 127
65 128
65 130
65 131
65 132
65 133
65 135
65 137
65 138
65 139
65 141
65 142
65 143
65 144
65 145
65 146
65 147
65 149
65 150
65 151
65 152
65 153
65 156
65 157
65 158
65 160
65 161
65 162
65 163
65 164
65 166
65 168
65 169
65 170
65 172
65 173
65 174
66 67
66 68
66 69
66 71
66 72
66 73
66 74
66 77
66 78
66 79
66 82
66 84
66 85
66 87
66 88
66 89
66 90
66 91
66 92
66 96
66 99
66 100
66 101
66 103
66 104
66 105
66 110
66 111
66 112
66 114
66 115
66 118
66 119
66 121
66 123
66 126
66 127
66 129
66 130
66 131
66 134
66 135
66 136
66 138
66 140
66 141
66 143
66 144
66 145
66 146
66 147
66 151
66 152
66 153
66 154
66 155
66 157
66 158
66 159
66 160
66 162
66 163
66 167
66 169
66 170
66 171
66 172
66 173
66 174
67 69
67 72
67 73
67 74
67 77
67 78
67 79
67 80
67 81
67 83
67 85
67 86
67 87
67 89
67 91
67 92
67 94
67 95
67 97
67 99
67 100
67 102
67 103
67 104
67 105
67 106
67 107
67 108
67 109
67 110
67 111
67 112
67 113
67 114
67 115
67 116
67 117
67 118
67 119
67 121
67 122
67 123
67 124
67 125
67 127
67 128
67 129
67 131
67 132
67 133
67 134
67 135
67 137
67 138
67 140
67 141
67 142
67 143
67 145
67 146
67 151
67 152
67 154
67 155
67 157
67 158
67 159
67 160
67 161
67 162
67 163
67 164
67 165
67 168
67 169
67 170
67 172
67 174
68 69
68 70
68 71
68 72
68 73
68 74
68 75
68 76
68 77
68 78
68 79
68 80
68 81
68 82
68 83
68 84
68 87
68 88
68 90
68 91
68 92
68 93
68 94
68 96
68 97
68 98
68 99
68 100
68 101
68 104
68 105
68 106
68 107
68 108
68 109
68 110
68 112
68 113
68 115
68 116
68 118
68 120
68 121
68 123
68 125
68 126
68 127
68 128
68 129
68 131
68 132
68 133
68 134
68 135
68 136
68 138
68 139
68 140
68 141
68 142
68 143
68 144
68 145
68 146
68 147
68 149
68 150
68 151
68 152
68 153
68 154
68 155
68 157
68 158
68 159
68 160
68 161
68 162
68 163
68 165
68 166
68 167
68 168
68 169
68 170
68 171
68 174
69 70
69 71
69 72
69 73
69 74
69 75
69 76
69 77
69 79
69 81
69 82
69 85
69 87
69 88
69 89
69 90
69 94
69 96
69 97
69 99
69 100
69 102
69 103
69 104
69 105
69 106
69 107
69 108
69 109
69 110
69 111
69 112
69 113
69 114
69 115
69 116
69 117
69 118
69 120
69 121
69 122
69 123
69 124
69 125
69 127
69 128
69 131
69 132
69 133
69 135
69 136
69 137
69 138
69 139
69 140
69 141
69 143
69 144
69 145
69 146
69 147
69 148
69 149
69 150
69 151
69 152
69 153
69 155
69 156
69 157
69 158
69 160
69 161
69 162
69 163
69 164
69 165
69 167
69 168
69 169
69 171
69 173
69 174
70 72
70 73
70 74
70 75
70 76
70 77
70 78
70 80
70 82
70 84
70 85
70 86
70 87
70 88
70 91
70 92
70 93
70 94
70 95
70 99
70 100
70 102
70 103
70 105
70 107
70 112
70 115
70 120
70 122
70 125
70 127
70 130
70 132
70 133
70 134
70 135
70 136
70 138
70 140
70 141
70 142
70 143
70 144
70 146
70 147
70 148
70 149
70 150
70 151
70 152
70 153
70 154
70 156
70 157
70 158
70 160
70 161
70 164
70 165
70 167
70 168
70 169
70 170
70 172
70 173
70 174
71 73
71 76
71 79
71 81
71 82
71 83
71 84
71 85
71 86
71 87
71 88
71 89
71 90
71 92
71 93
71 94
71 95
71 96
71 97
71 98
71 100
71 103
71 105
71 106
71 108
71 111
71 112
71 113
71 114
71 115
71 117
71 118
71 119
71 121
71 122
71 123
71 124
71 125
71 126
71 127
71 130
71 132
71 133
71 137
71 138
71 139
71 142
71 143
71 144
71 146
71 149
71 150
71 151
71 152
71 154
71 155
71 157
71 158
71 160
71 162
71 164
71 165
71 166
71 167
71 168
71 169
71 170
71 171
71 173
71 174
72 73
72 74
72 75
72 78
72 79
72 81
72 82
72 83
72 84
72 85
72 86
72 87
72 88
72 89
72 90
72 91
72 92
72 93
72 94
72 95
72 96
72 97
72 99
72 102
72 104
72 106
72 107
72 109
72 110
72 111
72 112
72 113
72 114
72 115
72 116
72 117
72 119
72 122
72 123
72 124
72 125
72 126
72 127
72 128
72 129
72 130
72 133
72 134
72 135
72 137
72 138
72 139
72 140
72 142
72 143
72 144
72 145
72 146
72 148
72 149
72 150
72 151
72 154
72 155
72 158
72 159
72 160
72 163
72 165
72 166
72 167
72 168
72 169
72 170
72 171
72 174
73 74
73 75
73 76
73 77
73 78
73 79
73 82
73 83
73 84
73 85
73 86
73 87
73 89
73 90
73 91
73 93
73 94
73 95
73 96
73 97
73 99
73 100
73 102
73 103
73 106
73 108
73 109
73 111
73 112
73 113
73 114
73 115
73 121
73 124
73 125
73 127
73 128
73 130
73 131
73 133
73 134
73 135
73 136
73 138
73 139
73 140
73 141
73 142
73 143
73 144
73 145
73 147
73 148
73 150
73 151
73 153
73 154
73 155
73 156
73 158
73 159
73 160
73 161
73 162
73 163
73 164
73 165
73 166
73 168
73 169
73 170
73 171
73 172
73 174
74 77
74 79
74 80
74 81
74 82
74 83
74 84
74 85
74 87
74 88
74 90
74 91
74 92
74 94
74 95
74 96
74 97
74 99
74 100
74 101
74 104
74 105
74 107
74 109
74 110
74 111
74 114
74 116
74 117
74 118
74 119
74 120
74 121
74 122
74 124
74 125
74 126
74 127
74 129
74 130
74 131
74 132
74 133
74 134
74 136
74 138
74 140
74 141
74 144
74 145
74 149
74 150
74 151
74 152
74 153
74 154
74 155
74 156
74 157
74 159
74 160
74 161
74 162
74 163
74 164
74 165
74 166
74 168
74 169
74 170
74 171
74 172
74 173
74 174
75 76
75 79
75 81
75 82
75 83
75 84
75 85
75 86
75 89
75 91
75 92
75 93
75 95
75 98
75 99
75 103
75 108
75 110
75 111
75 112
75 113
75 114
75 115
75 116
75 117
75 118
75 119
75 120
75 121
75 122
75 123
75 124
75 127
75 128
75 129
75 130
75 131
75 132
75 133
75 135
75 136
75 137
75 139
75 140
75 142
75 143
75 144
75 145
75 146
75 150
75 151
75 152
75 153
75 154
75 155
75 156
75 158
75 159
75 160
75 161
75 162
75 163
75 164
75 165
75 166
75 167
75 168
75 172
75 174
76 77
76 79
76 80
76 81
76 82
76 84
76 85
76 86
76 87
76 88
76 91
76 92
76 93
76 94
76 95
76 96
76 97
76 100
76 102
76 103
76 104
76 106
76 108
76 110
76 112
76 114
76 115
76 116
76 117
76 120
76 121
76 122
76 124
76 125
76 126
76 127
76 128
76 129
76 131
76 132
76 133
76 135
76 136
76 137
76 138
76 139
76 141
76 142
76 143
76 145
76 147
76 148
76 149
76 150
76 151
76 152
76 153
76 154
76 155
76 156
76 157
76 158
76 159
76 160
76 161
76 162
76 163
76 165
76 166
76 167
76 168
76 170
76 174
77 78
77 79
77 80
77 81
77 82
77 84
77 85
77 86
77 87
77 89
77 90
77 91
77 92
77 94
77 96
77 97
77 98
77 99
77 100
77 101
77 103
77 104
77 105
77 106
77 107
77 109
77 111
77 112
77 113
77 114
77 115
77 116
77 117
77 118
77 119
77 120
77 121
77 122
77 124
77 126
77 127
77 129
77 130
77 131
77 132
77 134
77 135
77 137
77 138
77 139
77 140
77 141
77 142
77 143
77 144
77 145
77 146
77 147
77 148
77 149
77 150
77 151
77 152
77 153
77 154
77 155
77 157
77 158
77 159
77 161
77 162
77 163
77 167
77 168
77 169
77 170
77 171
77 172
77 173
78 80
78 82
78 84
78 85
78 86
78 87
78 88
78 91
78 92
78 93
78 94
78 95
78 96
78 97
78 98
78 99
78 100
78 101
78 102
78 104
78 105
78 106
78 107
78 108
78 109
78 110
78 111
78 112
78 114
78 115
78 116
78 119
78 122
78 123
78 124
78 126
78 127
78 128
78 129
78 130
78 131
78 132
78 133
78 134
78 138
78 139
78 140
78 141
78 142
78 144
78 145
78 146
78 147
78 148
78 149
78 151
78 153
78 154
78 156
78 158
78 159
78 160
78 161
78 165
78 166
78 169
78 170
78 171
78 172
78 174
79 80
79 81
79 82
79 83
79 84
79 85
79 87
79 88
79 89
79 90
79 91
79 92
79 93
79 99
79 101
79 103
79 104
79 106
79 108
79 109
79 111
79 113
79 114
79 116
79 118
79 119
79 120
79 121
79 123
79 126
79 128
79 129
79 130
79 131
79 132
79 135
79 136
79 138
79 141
79 142
79 143
79 144
79 145
79 146
79 147
79 150
79 151
79 152
79 153
79 154
79 155
79 156
79 158
79 159
79 160
79 162
79 163
79 165
79 166
79 167
79 169
79 170
79 171
79 172
79 173
79 174
80 81
80 82
80 84
80 85
80 86
80 87
80 88
80 90
80 92
80 93
80 94
80 97
80 98
80 99
80 100
80 101
80 102
80 103
80 104
80 105
80 106
80 107
80 108
80 109
80 110
80 112
80 113
80 114
80 115
80 116
80 117
80 118
80 120
80 122
80 123
80 124
80 125
80 126
80 128
80 129
80 131
80 132
80 133
80 135
80 136
80 138
80 139
80 141
80 142
80 143
80 145
80 147
80 148
80 149
80 153
80 154
80 155
80 157
80 159
80 160
80 161
80 162
80 163
80 164
80 166
80 167
80 168
80 169
80 170
80 171
80 172
80 174
81 82
81 83
81 84
81 85
81 86
81 88
81 89
81 90
81 91
81 94
81 96
81 98
81 99
81 100
81 102
81 103
81 104
81 106
81 108
81 109
81 110
81 111
81 112
81 113
81 114
81 116
81 118
81 119
81 120
81 121
81 123
81 125
81 126
81 129
81 130
81 132
81 133
81 136
81 138
81 139
81 140
81 141
81 142
81 143
81 144
81 145
81 146
81 147
81 148
81 149
81 151
81 152
81 154
81 155
81 157
81 158
81 159
81 160
81 163
81 164
81 168
81 169
81 170
81 171
81 172
81 173
81 174
82 83
82 84
82 85
82 90
82 91
82 92
82 98
82 99
82 101
82 102
82 103
82 105
82 106
82 108
82 109
82 110
82 111
82 112
82 113
82 115
82 118
82 119
82 121
82 122
82 123
82 124
82 125
82 127
82 128
82 129
82 131
82 132
82 133
82 136
82 137
82 138
82 139
82 140
82 141
82 142
82 143
82 144
82 145
82 146
82 148
82 149
82 151
82 154
82 155
82 156
82 157
82 158
82 159
82 160
82 162
82 163
82 165
82 166
82 168
82 170
82 171
82 172
82 173
82 174
83 84
83 85
83 86
83 87
83 88
83 89
83 90
83 93
83 94
83 95
83 96
83 97
83 99
83 100
83 101
83 103
83 104
83 105
83 108
83 109
83 110
83 112
83 113
83 114
83 115
83 116
83 120
83 123
83 124
83 127
83 130
83 132
83 133
83 134
83 136
83 137
83 138
83 140
83 141
83 142
83 143
83 144
83 146
83 147
83 149
83 150
83 151
83 152
83 154
83 155
83 156
83 158
83 159
83 161
83 162
83 163
83 164
83 166
83 168
83 169
83 170
83 171
83 172
83 173
83 174
84 88
84 89
84 90
84 91
84 92
84 93
84 94
84 96
84 97
84 98
84 99
84 100
84 102
84 104
84 107
84 109
84 110
84 111
84 112
84 115
84 118
84 119
84 123
84 124
84 125
84 126
84 127
84 128
84 132
84 133
84 135
84 136
84 137
84 139
84 140
84 141
84 142
84 143
84 145
84 146
84 149
84 151
84 152
84 153
84 154
84 155
84 156
84 157
84 158
84 160
84 162
84 163
84 164
84 165
84 166
84 167
84 168
84 172
84 173
84 174
85 86
85 87
85 88
85 90
85 93
85 94
85 95
85 97
85 98
85 99
85 100
85 101
85 102
85 104
85 106
85 107
85 108
85 109
85 111
85 112
85 114
85 115
85 116
85 117
85 118
85 119
85 120
85 123
85 124
85 125
85 128
85 129
85 130
85 131
85 134
85 136
85 137
85 138
85 139
85 140
85 141
85 142
85 143
85 145
85 146
85 147
85 148
85 149
85 150
85 151
85 152
85 154
85 155
85 160
85 161
85 162
85 163
85 164
85 165
85 169
85 170
85 171
85 172
85 173
85 174
86 87
86 88
86 89
86 91
86 92
86 93
86 94
86 96
86 97
86 99
86 100
86 101
86 102
86 103
86 104
86 107
86 108
86 110
86 111
86 113
86 114
86 116
86 118
86 119
86 120
86 121
86 122
86 123
86 125
86 127
86 128
86 133
86 134
86 136
86 137
86 138
86 139
86 140
86 141
86 143
86 144
86 145
86 146
86 149
86 150
86 151
86 154
86 155
86 156
86 157
86 158
86 159
86 160
86 163
86 165
86 166
86 167
86 168
86 169
86 171
86 172
86 174
87 88
87 89
87 90
87 91
87 94
87 95
87 96
87 97
87 98
87 99
87 102
87 103
87 105
87 106
87 107
87 108
87 111
87 112
87 113
87 114
87 116
87 117
87 118
87 120
87 121
87 122
87 123
87 126
87 127
87 128
87 130
87 131
87 132
87 133
87 135
87 136
87 137
87 138
87 139
87 140
87 141
87 143
87 144
87 145
87 146
87 148
87 149
87 150
87 152
87 153
87 155
87 156
87 157
87 158
87 159
87 160
87 161
87 162
87 163
87 165
87 166
87 167
87 168
87 169
87 171
87 172
87 173
87 174
88 89
88 92
88 93
88 94
88 96
88 97
88 99
88 100
88 101
88 103
88 104
88 105
88 106
88 107
88 108
88 109
88 110
88 111
88 112
88 115
88 117
88 118
88 119
88 120
88 121
88 123
88 124
88 125
88 126
88 127
88 129
88 130
88 131
88 133
88 134
88 135
88 136
88 138
88 139
88 140
88 141
88 142
88 143
88 144
88 145
88 146
88 147
88 148
88 150
88 151
88 152
88 153
88 155
88 157
88 158
88 160
88 161
88 162
88 163
88 164
88 165
88 166
88 168
88 170
88 174
89 90
89 91
89 92
89 94
89 95
89 96
89 97
89 98
89 100
89 101
89 102
89 103
89 104
89 105
89 106
89 111
89 112
89 113
89 114
89 116
89 119
89 120
89 121
89 122
89 123
89 124
89 125
89 126
89 127
89 128
89 129
89 130
89 131
89 134
89 135
89 138
89 139
89 140
89 141
89 143
89 145
89 146
89 147
89 148
89 149
89 150
89 151
89 152
89 153
89 154
89 156
89 157
89 158
89 159
89 160
89 163
89 164
89 166
89 167
89 169
89 170
89 173
89 174
90 92
90 93
90 94
90 95
90 97
90 98
90 99
90 100
90 101
90 103
90 105
90 106
90 108
90 109
90 110
90 111
90 113
90 114
90 115
90 116
90 117
90 118
90 119
90 120
90 121
90 123
90 124
90 125
90 126
90 127
90 129
90 130
90 132
90 134
90 136
90 137
90 138
90 139
90 140
90 142
90 143
90 144
90 145
90 146
90 147
90 149
90 150
90 152
90 156
90 157
90 158
90 161
90 162
90 164
90 166
90 168
90 170
90 171
90 172
90 173
90 174
91 92
91 95
91 96
91 97
91 98
91 99
91 102
91 103
91 104
91 105
91 106
91 107
91 109
91 110
91 111
91 112
91 113
91 114
91 115
91 117
91 119
91 120
91 122
91 124
91 126
91 127
91 128
91 129
91 130
91 131
91 132
91 133
91 134
91 135
91 136
91 137
91 139
91 141
91 143
91 144
91 145
91 147
91 151
91 152
91 154
91 155
91 156
91 157
91 158
91 159
91 160
91 161
91 162
91 163
91 165
91 166
91 168
91 169
91 170
91 172
91 173
91 174
92 94
92 95
92 97
92 98
92 99
92 100
92 102
92 103
92 104
92 105
92 106
92 107
92 108
92 109
92 110
92 111
92 112
92 115
92 117
92 118
92 120
92 122
92 124
92 127
92 128
92 130
92 131
92 132
92 133
92 135
92 136
92 137
92 139
92 140
92 141
92 142
92 143
92 145
92 147
92 148
92 149
92 150
92 151
92 152
92 156
92 157
92 158
92 159
92 160
92 161
92 162
92 163
92 164
92 166
92 167
92 169
92 170
92 171
92 173
93 95
93 96
93 100
93 101
93 102
93 103
93 104
93 105
93 106
93 107
93 109
93 111
93 112
93 113
93 114
93 115
93 117
93 120
93 121
93 122
93 123
93 125
93 126
93 127
93 128
93 129
93 131
93 133
93 134
93 135
93 136
93 138
93 139
93 140
93 142
93 145
93 146
93 147
93 148
93 149
93 150
93 152
93 153
93 154
93 155
93 156
93 159
93 160
93 163
93 164
93 166
93 167
93 170
93 172
93 173
93 174
94 95
94 96
94 98
94 99
94 101
94 104
94 105
94 107
94 108
94 109
94 110
94 112
94 113
94 114
94 115
94 116
94 117
94 118
94 120
94 122
94 123
94 126
94 127
94 128
94 130
94 131
94 132
94 133
94 134
94 135
94 136
94 138
94 139
94 140
94 141
94 143
94 145
94 148
94 150
94 151
94 153
94 154
94 155
94 156
94 157
94 158
94 159
94 160
94 161
94 162
94 164
94 165
94 166
94 167
94 169
94 170
94 172
95 97
95 98
95 99
95 100
95 101
95 102
95 105
95 106
95 107
95 108
95 109
95 111
95 112
95 113
95 114
95 115
95 116
95 118
95 119
95 120
95 121
95 122
95 124
95 125
95 126
95 127
95 128
95 131
95 132
95 133
95 134
95 135
95 136
95 137
95 139
95 140
95 141
95 144
95 145
95 146
95 147
95 149
95 150
95 151
95 152
95 153
95 154
95 155
95 156
95 157
95 158
95 159
95 160
95 161
95 163
95 164
95 165
95 166
95 167
95 168
95 170
95 172
95 174
96 98
96 99
96 100
96 101
96 102
96 103
96 105
96 106
96 107
96 108
96 109
96 110
96 111
96 112
96 114
96 115
96 119
96 120
96 121
96 122
96 123
96 124
96 125
96 126
96 127
96 128
96 129
96 130
96 131
96 133
96 134
96 135
96 136
96 137
96 138
96 139
96 140
96 141
96 142
96 143
96 144
96 147
96 148
96 149
96 150
96 151
96 152
96 153
96 154
96 155
96 156
96 158
96 159
96 160
96 161
96 162
96 165
96 166
96 167
96 169
96 172
96 174
97 98
97 99
97 101
97 102
97 103
97 104
97 105
97 108
97 109
97 110
97 111
97 112
97 113
97 114
97 115
97 116
97 117
97 118
97 120
97 121
97 122
97 123
97 124
97 125
97 126
97 127
97 128
97 130
97 131
97 133
97 134
97 135
97 138
97 139
97 140
97 141
97 142
97 144
97 145
97 146
97 148
97 149
97 150
97 151
97 152
97 153
97 154
97 156
97 157
97 159
97 160
97 161
97 163
97 164
97 166
97 167
97 168
97 169
97 170
97 171
97 172
97 173
97 174
98 101
98 102
98 104
98 105
98 106
98 107
98 109
98 111
98 112
98 113
98 114
98 115
98 116
98 117
98 118
98 119
98 120
98 121
98 122
98 124
98 126
98 127
98 128
98 130
98 131
98 132
98 133
98 134
98 135
98 137
98 138
98 139
98 141
98 143
98 144
98 145
98 146
98 148
98 149
98 150
98 153
98 154
98 159
98 161
98 164
98 166
98 167
98 169
98 170
98 171
98 172
98 174
99 100
99 101
99 102
99 103
99 104
99 105
99 106
99 107
99 108
99 109
99 110
99 111
99 113
99 114
99 115
99 116
99 117
99 118
99 119
99 120
99 123
99 124
99 126
99 127
99 128
99 130
99 131
99 132
99 133
99 134
99 136
99 137
99 138
99 139
99 140
99 143
99 144
99 145
99 147
99 150
99 151
99 152
99 153
99 154
99 156
99 157
99 158
99 159
99 160
99 162
99 163
99 164
99 165
99 166
99 167
99 168
99 169
99 171
99 172
99 173
100 101
100 103
100 104
100 105
100 106
100 107
100 108
100 110
100 111
100 112
100 113
100 114
100 117
100 118
100 119
100 120
100 121
100 123
100 124
100 125
100 126
100 127
100 128
100 129
100 130
100 132
100 133
100 134
100 135
100 136
100 137
100 138
100 139
100 140
100 142
100 144
100 145
100 146
100 147
100 148
100 150
100 151
100 156
100 157
100 158
100 159
100 161
100 162
100 164
100 165
100 166
100 167
100 169
100 170
100 173
100 174
101 103
101 104
101 105
101 107
101 109
101 110
101 111
101 112
101 113
101 114
101 115
101 116
101 117
101 118
101 119
101 121
101 122
101 123
101 124
101 125
101 126
101 127
101 130
101 131
101 132
101 133
101 134
101 135
101 137
101 138
101 139
101 140
101 141
101 142
101 143
101 144
101 145
101 146
101 147
101 148
101 149
101 152
101 153
101 154
101 157
101 158
101 159
101 160
101 161
101 162
101 163
101 164
101 166
101 167
101 169
101 170
101 171
101 172
101 173
101 174
102 103
102 104
102 105
102 106
102 107
102 108
102 110
102 111
102 112
102 113
102 114
102 116
102 117
102 118
102 119
102 120
102 121
102 122
102 123
102 124
102 125
102 129
102 130
102 131
102 132
102 133
102 135
102 136
102 137
102 138
102 140
102 142
102 143
102 145
102 147
102 148
102 149
102 150
102 151
102 153
102 154
102 156
102 158
102 159
102 160
102 162
102 163
102 165
102 166
102 167
102 170
102 171
102 172
102 173
103 104
103 105
103 106
103 107
103 108
103 109
103 110
103 111
103 114
103 115
103 116
103 117
103 118
103 120
103 121
103 122
103 123
103 124
103 125
103 127
103 129
103 130
103 132
103 133
103 137
103 138
103 139
103 141
103 142
103 144
103 145
103 146
103 147
103 149
103 151
103 152
103 154
103 155
103 158
103 159
103 160
103 161
103 162
103 163
103 164
103 165
103 166
103 169
103 171
103 172
104 105
104 106
104 107
104 108
104 109
104 110
104 111
104 113
104 114
104 116
104 117
104 118
104 119
104 120
104 122
104 123
104 124
104 125
104 127
104 128
104 129
104 130
104 131
104 133
104 135
104 136
104 137
104 140
104 143
104 144
104 145
104 146
104 147
104 148
104 150
104 151
104 152
104 153
104 155
104 156
104 158
104 159
104 162
104 163
104 164
104 166
104 167
104 168
104 169
104 170
104 171
104 173
104 174
105 106
105 108
105 109
105 110
105 111
105 112
105 113
105 114
105 117
105 119
105 121
105 122
105 123
105 126
105 127
105 128
105 129
105 130
105 131
105 133
105 134
105 136
105 137
105 138
105 139
105 140
105 141
105 142
105 143
105 144
105 146
105 147
105 148
105 149
105 150
105 151
105 153
105 154
105 156
105 158
105 159
105 160
105 161
105 162
105 163
105 164
105 165
105 166
105 167
105 168
105 170
105 172
105 173
105 174
106 107
106 108
106 113
106 115
106 116
106 117
106 118
106 120
106 121
106 122
106 124
106 126
106 127
106 129
106 130
106 131
106 132
106 134
106 135
106 137
106 138
106 139
106 140
106 144
106 145
106 147
106 148
106 149
106 150
106 152
106 153
106 155
106 160
106 162
106 164
106 165
106 166
106 167
106 168
106 169
106 170
106 172
106 173
106 174
107 108
107 111
107 112
107 114
107 115
107 116
107 118
107 120
107 121
107 122
107 123
107 125
107 126
107 127
107 128
107 129
107 136
107 137
107 138
107 139
107 140
107 141
107 142
107 143
107 144
107 145
107 146
107 149
107 152
107 154
107 155
107 156
107 157
107 158
107 160
107 161
107 163
107 164
107 165
107 166
107 167
107 168
107 169
107 170
107 171
107 172
107 173
107 174
108 111
108 112
108 113
108 114
108 116
108 117
108 118
108 119
108 120
108 121
108 122
108 123
108 124
108 125
108 126
108 127
108 128
108 129
108 130
108 131
108 132
108 133
108 134
108 135
108 136
108 138
108 139
108 140
108 142
108 145
108 147
108 148
108 151
108 152
108 153
108 154
108 155
108 156
108 157
108 158
108 159
108 161
108 162
108 163
108 164
108 166
108 168
108 170
108 171
108 174
109 110
109 111
109 112
109 113
109 114
109 115
109 116
109 117
109 118
109 120
109 121
109 123
109 124
109 125
109 126
109 127
109 129
109 130
109 131
109 132
109 133
109 135
109 137
109 138
109 139
109 142
109 143
109 144
109 145
109 146
109 147
109 148
109 149
109 150
109 151
109 152
109 155
109 160
109 161
109 162
109 164
109 165
109 168
109 170
109 171
109 172
109 173
110 111
110 112
110 113
110 116
110 117
110 120
110 121
110 122
110 123
110 128
110 129
110 130
110 131
110 132
110 133
110 134
110 135
110 136
110 138
110 139
110 141
110 144
110 145
110 146
110 147
110 149
110 150
110 151
110 152
110 153
110 155
110 156
110 157
110 159
110 160
110 162
110 163
110 164
110 166
110 167
110 168
110 169
110 170
110 171
110 172
110 173
111 112
111 114
111 115
111 116
111 117
111 118
111 119
111 120
111 122
111 123
111 124
111 125
111 126
111 127
111 128
111 129
111 130
111 131
111 132
111 133
111 136
111 137
111 138
111 139
111 141
111 142
111 144
111 145
111 146
111 147
111 148
111 149
111 150
111 151
111 154
111 156
111 157
111 158
111 159
111 160
111 161
111 162
111 163
111 166
111 167
111 168
111 169
111 170
111 173
112 113
112 114
112 116
112 117
112 118
112 120
112 122
112 124
112 125
112 127
112 128
112 129
112 130
112 131
112 132
112 133
112 134
112 135
112 136
112 137
112 138
112 140
112 142
112 143
112 144
112 146
112 147
112 148
112 149
112 150
112 151
112 152
112 153
112 154
112 155
112 156
112 157
112 158
112 159
112 160
112 161
112 163
112 164
112 166
112 169
112 170
112 171
112 172
112 173
112 174
113 118
113 119
113 121
113 122
113 124
113 125
113 127
113 128
113 130
113 131
113 132
113 133
113 136
113 139
113 140
113 141
113 142
113 143
113 144
113 146
113 148
113 149
113 151
113 152
113 154
113 155
113 157
113 159
113 161
113 162
113 163
113 164
113 165
113 167
113 168
113 172
113 173
114 115
114 117
114 118
114 120
114 121
114 122
114 123
114 125
114 126
114 127
114 128
114 130
114 131
114 132
114 133
114 135
114 136
114 139
114 140
114 141
114 142
114 143
114 144
114 147
114 148
114 150
114 151
114 153
114 154
114 155
114 156
114 160
114 161
114 163
114 164
114 165
114 167
114 168
114 169
114 173
114 174
115 118
115 119
115 121
115 122
115 123
115 124
115 125
115 126
115 127
115 128
115 129
115 130
115 131
115 132
115 133
115 134
115 136
115 138
115 139
115 142
115 144
115 145
115 147
115 149
115 150
115 151
115 152
115 153
115 154
115 156
115 157
115 159
115 160
115 162
115 163
115 164
115 165
115 166
115 167
115 168
115 169
115 172
115 174
116 117
116 118
116 119
116 120
116 123
116 126
116 127
116 128
116 129
116 130
116 133
116 134
116 136
116 137
116 138
116 139
116 140
116 141
116 142
116 144
116 146
116 147
116 148
116 150
116 151
116 152
116 153
116 154
116 156
116 157
116 158
116 159
116 160
116 161
116 162
116 163
116 164
116 165
116 166
116 168
116 170
116 172
116 174
117 122
117 123
117 125
117 126
117 128
117 129
117 132
117 133
117 134
117 135
117 136
117 137
117 139
117 140
117 141
117 142
117 143
117 145
117 146
117 147
117 148
117 149
117 150
117 152
117 153
117 154
117 155
117 156
117 157
117 158
117 159
117 160
117 161
117 162
117 163
117 165
117 166
117 167
117 168
117 169
117 171
117 172
117 173
117 174
118 120
118 122
118 123
118 125
118 126
118 127
118 128
118 129
118 130
118 131
118 134
118 136
118 138
118 139
118 140
118 141
118 143
118 145
118 146
118 147
118 148
118 149
118 150
118 151
118 152
118 153
118 154
118 155
118 157
118 158
118 159
118 160
118 162
118 163
118 164
118 165
118 166
118 167
118 168
118 169
118 172
118 173
119 122
119 125
119 126
119 127
119 128
119 129
119 130
119 131
119 132
119 133
119 134
119 135
119 136
119 137
119 138
119 139
119 140
119 141
119 142
119 143
119 144
119 145
119 146
119 147
119 149
119 150
119 151
119 152
119 154
119 155
119 157
119 158
119 160
119 161
119 162
119 163
119 164
119 166
119 167
119 168
119 169
119 170
119 173
119 174
120 121
120 122
120 123
120 124
120 125
120 126
120 127
120 131
120 132
120 133
120 134
120 136
120 137
120 139
120 140
120 141
120 142
120 143
120 144
120 145
120 146
120 147
120 148
120 149
120 150
120 151
120 153
120 154
120 155
120 156
120 157
120 158
120 159
120 160
120 161
120 162
120 163
120 164
120 166
120 167
120 169
120 170
120 173
120 174
121 122
121 123
121 124
121 125
121 126
121 127
121 128
121 129
121 130
121 131
121 132
121 133
121 134
121 135
121 136
121 137
121 140
121 141
121 142
121 144
121 145
121 146
121 147
121 149
121 150
121 152
121 154
121 155
121 156
121 157
121 158
121 159
121 161
121 162
121 163
121 165
121 166
121 167
121 168
121 170
121 171
121 172
121 173
121 174
122 123
122 124
122 125
122 127
122 129
122 130
122 131
122 132
122 133
122 134
122 135
122 136
122 137
122 138
122 139
122 140
122 141
122 142
122 143
122 145
122 146
122 148
122 149
122 150
122 152
122 154
122 155
122 156
122 158
122 160
122 162
122 164
122 165
122 166
122 167
122 170
122 171
122 172
122 173
123 124
123 125
123 127
123 130
123 132
123 133
123 135
123 136
123 137
123 138
123 140
123 142
123 143
123 144
123 145
123 146
123 147
123 148
123 149
123 150
123 151
123 152
123 153
123 154
123 155
123 156
123 157
123 158
123 159
123 161
123 162
123 163
123 164
123 165
123 166
123 167
123 168
123 169
123 170
123 171
123 172
123 174
124 125
124 126
124 127
124 128
124 129
124 130
124 132
124 133
124 134
124 135
124 137
124 143
124 144
124 149
124 150
124 151
124 154
124 155
124 156
124 157
124 158
124 160
124 161
124 162
124 163
124 165
124 166
124 167
124 168
124 170
124 171
124 172
124 173
124 174
125 126
125 127
125 130
125 132
125 133
125 134
125 135
125 136
125 140
125 141
125 142
125 143
125 144
125 145
125 148
125 150
125 152
125 153
125 156
125 157
125 158
125 160
125 163
125 164
125 165
125 166
125 167
125 171
125 173
125 174
126 127
126 128
126 131
126 133
126 134
126 138
126 139
126 140
126 141
126 142
126 143
126 146
126 147
126 148
126 149
126 150
126 151
126 153
126 154
126 155
126 157
126 158
126 159
126 160
126 161
126 162
126 164
126 165
126 166
126 167
126 168
126 169
126 170
126 171
126 174
127 128
127 129
127 132
127 133
127 134
127 136
127 137
127 139
127 140
127 142
127 144
127 145
127 146
127 147
127 149
127 153
127 154
127 155
127 156
127 157
127 160
127 162
127 163
127 164
127 165
127 166
127 167
127 168
127 169
127 170
127 171
127 172
127 173
127 174
128 130
128 131
128 132
128 133
128 134
128 135
128 136
128 137
128 138
128 139
128 140
128 141
128 142
128 143
128 144
128 145
128 146
128 149
128 150
128 151
128 152
128 153
128 154
128 155
128 158
128 160
128 161
128 162
128 164
128 166
128 167
128 168
128 169
128 170
128 171
128 172
128 173
128 174
129 130
129 131
129 132
129 133
129 134
129 135
129 136
129 138
129 139
129 140
129 142
129 143
129 144
129 146
129 148
129 149
129 150
129 151
129 152
129 153
129 155
129 156
129 157
129 158
129 159
129 160
129 161
129 162
129 163
129 165
129 166
129 167
129 169
129 171
129 173
129 174
130 131
130 132
130 134
130 135
130 137
130 138
130 140
130 141
130 145
130 146
130 147
130 148
130 149
130 150
130 153
130 155
130 156
130 157
130 158
130 160
130 161
130 163
130 164
130 165
130 166
130 169
130 170
130 171
130 172
130 173
130 174
131 132
131 133
131 134
131 135
131 136
131 138
131 140
131 142
131 144
131 145
131 146
131 147
131 149
131 150
131 151
131 152
131 153
131 154
131 155
131 156
131 157
131 159
131 160
131 162
131 163
131 165
131 166
131 167
131 168
131 169
131 171
131 172
131 173
132 134
132 135
132 136
132 137
132 139
132 140
132 142
132 143
132 144
132 145
132 146
132 150
132 151
132 153
132 155
132 156
132 158
132 159
132 160
132 162
132 163
132 164
132 165
132 167
132 169
132 170
132 172
132 173
132 174
133 135
133 137
133 141
133 142
133 143
133 145
133 148
133 149
133 150
133 151
133 152
133 153
133 155
133 156
133 158
133 160
133 161
133 162
133 163
133 164
133 166
133 169
133 170
133 171
133 173
134 135
134 136
134 138
134 140
134 141
134 142
134 143
134 145
134 146
134 148
134 149
134 151
134 152
134 153
134 154
134 155
134 156
134 157
134 158
134 160
134 161
134 163
134 164
134 166
134 168
134 171
134 173
135 136
135 137
135 139
135 140
135 141
135 142
135 143
135 144
135 146
135 148
135 149
135 150
135 152
135 153
135 154
135 155
135 156
135 157
135 158
135 162
135 163
135 164
135 168
135 169
135 170
135 174
136 137
136 139
136 140
136 141
136 142
136 143
136 144
136 145
136 146
136 148
136 149
136 150
136 152
136 153
136 156
136 157
136 158
136 160
136 161
136 163
136 164
136 165
136 166
136 167
136 169
136 171
136 173
136 174
137 138
137 139
137 140
137 141
137 143
137 144
137 145
137 146
137 148
137 152
137 153
137 154
137 156
137 157
137 158
137 159
137 160
137 162
137 163
137 165
137 166
137 168
137 169
137 170
137 172
137 173
137 174
138 140
138 141
138 142
138 144
138 145
138 146
138 148
138 150
138 151
138 152
138 153
138 155
138 157
138 158
138 159
138 160
138 161
138 162
138 164
138 165
138 166
138 167
138 168
138 170
138 171
138 172
138 173
138 174
139 140
139 141
139 146
139 147
139 148
139 149
139 150
139 151
139 152
139 153
139 154
139 155
139 156
139 158
139 159
139 160
139 162
139 163
139 164
139 165
139 166
139 169
139 171
139 172
140 141
140 142
140 143
140 145
140 146
140 147
140 148
140 149
140 150
140 153
140 154
140 155
140 156
140 158
140 159
140 160
140 161
140 162
140 163
140 165
140 166
140 167
140 168
140 169
140 170
140 171
140 173
140 174
141 142
141 143
141 144
141 145
141 146
141 147
141 148
141 149
141 150
141 151
141 152
141 153
141 154
141 155
141 156
141 158
141 159
141 161
141 163
141 165
141 166
141 167
141 170
141 171
141 172
141 173
141 174
142 143
142 144
142 145
142 146
142 147
142 148
142 149
142 150
142 153
142 155
142 156
142 157
142 158
142 161
142 162
142 163
142 164
142 165
142 166
142 168
142 169
142 171
142 172
142 173
142 174
143 144
143 145
143 147
143 148
143 149
143 150
143 151
143 153
143 155
143 156
143 157
143 159
143 160
143 162
143 164
143 165
143 166
143 168
143 169
143 170
143 172
143 173
143 174
144 145
144 146
144 147
144 148
144 149
144 150
144 151
144 152
144 153
144 154
144 155
144 156
144 157
144 158
144 159
144 161
144 163
144 166
144 167
144 168
144 169
144 170
144 171
144 174
145 147
145 148
145 149
145 150
145 151
145 152
145 153
145 154
145 156
145 158
145 159
145 161
145 162
145 163
145 164
145 165
145 167
145 168
145 170
145 173
146 147
146 150
146 151
146 152
146 153
146 154
146 155
146 157
146 158
146 159
146 160
146 162
146 164
146 165
146 166
146 167
146 168
146 169
146 170
146 171
146 172
146 173
146 174
147 149
147 150
147 152
147 153
147 154
147 155
147 156
147 157
147 158
147 159
147 161
147 162
147 163
147 164
147 165
147 167
147 168
147 169
147 171
147 172
147 173
147 174
148 149
148 150
148 151
148 152
148 154
148 155
148 157
148 158
148 160
148 161
148 162
148 163
148 165
148 166
148 170
148 171
148 173
148 174
149 151
149 152
149 153
149 154
149 155
149 157
149 159
149 160
149 161
149 162
149 163
149 164
149 165
149 166
149 168
149 169
149 170
149 171
149 172
149 173
149 174
150 153
150 154
150 155
150 156
150 160
150 161
150 162
150 164
150 165
150 166
150 167
150 170
150 171
150 172
150 173
150 174
151 152
151 154
151 156
151 157
151 159
151 160
151 161
151 162
151 164
151 165
151 166
151 167
151 168
151 170
151 172
151 173
151 174
152 153
152 154
152 155
152 156
152 158
152 159
152 160
152 162
152 163
152 164
152 165
152 167
152 168
152 170
152 171
152 172
153 156
153 157
153 159
153 160
153 161
153 164
153 165
153 166
153 167
153 168
153 170
153 171
153 172
153 173
154 155
154 156
154 158
154 159
154 160
154 161
154 162
154 163
154 164
154 166
154 167
154 168
154 170
154 171
154 172
154 173
154 174
155 156
155 157
155 159
155 160
155 161
155 162
155 163
155 164
155 166
155 167
155 168
155 169
155 170
155 172
155 173
155 174
156 157
156 158
156 159
156 160
156 162
156 163
156 165
156 166
156 167
156 169
156 170
156 171
156 172
156 173
156 174
157 158
157 159
157 160
157 162
157 163
157 164
157 165
157 166
157 168
157 169
157 171
157 173
157 174
158 159
158 161
158 162
158 163
158 164
158 166
158 167
158 169
158 170
158 172
159 162
159 164
159 165
159 168
159 169
159 171
159 173
159 174
160 161
160 163
160 168
160 169
160 170
160 171
160 173
160 174
161 162
161 163
161 164
161 165
161 166
161 167
161 168
161 169
161 171
161 172
161 173
161 174
162 166
162 169
162 170
162 172
162 173
162 174
163 164
163 165
163 166
163 167
163 169
163 170
163 172
163 174
164 165
164 166
164 167
164 168
164 169
164 170
164 171
164 172
164 173
164 174
165 167
165 168
165 170
165 172
165 173
165 174
166 169
166 170
166 171
166 172
166 174
167 168
167 170
167 172
167 173
167 174
168 169
168 170
168 171
168 173
168 174
169 170
169 171
169 172
169 173
169 174
170 171
170 172
170 174
171 172
171 173
171 174
172 173
173 174
